0 0 0 0
1 2.03934 0.003006 0.014452
2 4.26624 0.0583997 0.041251
3 6.42092 0.110999 -0.016416
4 8.61764 0.065106 -0.013665
5 11.5322 -0.534749 -0.387743
6 14.0382 -1.97543 -1.01499
7 14.3514 -4.25828 -1.67744
8 14.2906 -6.36089 -1.73679
9 14.3348 -8.73171 -1.61077
10 14.1693 -10.9908 -1.67599
11 13.857 -13.379 -1.68453
12 13.7767 -15.7779 -1.61653
13 14.4201 -18.5418 -1.71017
14 14.777 -21.148 -1.83547
15 15.061 -23.7254 -1.84866
16 15.2038 -26.3676 -1.961
17 15.0189 -28.703 -2.12726
18 14.5345 -30.7883 -2.28582
19 13.86 -32.6966 -2.39635
20 13.1143 -34.69 -2.37685
21 12.1941 -36.4696 -2.64018
22 10.9488 -37.6062 -2.94621
23 9.68311 -38.136 3.14064
24 8.28637 -38.4416 3.06618
25 7.02158 -38.4186 2.87031
26 5.85587 -37.9904 2.67529
27 5.77968 -36.4677 0.452079
28 9.25304 -35.904 0.0801808
29 12.9927 -35.901 -0.0703368
30 15.1319 -36.349 0.00988118
31 16.7619 -35.5742 1.80328
32 15.755 -33.5617 2.06359
33 14.9161 -31.6453 1.89331
34 13.6284 -29.7653 2.4507
35 12.012 -28.0601 2.22368
36 10.1094 -26.6312 2.97195
37 7.7409 -27.9313 -2.01732
38 6.39062 -30.6519 -2.18743
39 4.67853 -33.1571 -2.17445
40 3.10242 -35.5995 -2.14768
41 1.46045 -38.1455 -2.13385
42 -0.0467934 -40.6292 -2.12499
43 -1.58573 -43.2439 -2.0579
44 -3.04049 -45.9226 -2.03978
45 -2.37637 -48.1735 -0.29374
46 -0.621795 -48.3939 -0.248602
47 1.15868 -48.5578 -0.27181
48 2.78817 -48.7654 -0.306996
49 4.53256 -49.0341 -0.301731
50 5.93085 -48.3013 0.827959
51 6.36214 -45.7121 1.27279
52 6.77952 -42.9305 1.15198
53 7.44973 -40.4506 1.02475
54 8.40597 -38.5513 -0.741954
55 8.80599 -37.1837 0.841745
56 10.1116 -36.4183 0.0317196
57 11.6586 -36.0955 -0.119009
58 13.1791 -35.9351 -0.176103
59 14.687 -36.208 -0.173313
60 16.2766 -36.7531 -0.229408
61 17.698 -37.4063 -0.599871
62 18.8172 -38.6854 -1.33181
63 19.4767 -40.3591 -1.18623
64 20.4477 -41.7965 -0.990163
65 21.5863 -43.5522 -1.05308
66 22.7677 -45.2605 -1.03408
67 23.8333 -47.1074 -1.11582
68 24.5422 -48.6858 -1.27916
69 23.6987 -50.0709 -2.9905
70 21.4793 -50.2485 -3.10081
71 19.1046 -50.2232 -3.12552
72 16.937 -50.1165 3.09059
73 14.8617 -49.9721 3.12874
74 13.2973 -50.8109 -1.9268
75 12.9824 -52.7759 -1.63526
76 12.7781 -54.9509 -1.68288
77 12.496 -57.047 -1.67222
78 12.2767 -59.1542 -1.66959
79 11.9852 -61.3738 -1.71668
80 11.5793 -63.591 -1.76415
81 11.093 -65.6607 -1.81044
82 10.5536 -67.8372 -1.79775
83 10.0009 -69.8927 -1.83701
84 9.20023 -72.1209 -2.04496
85 8.41107 -74.2215 -1.78263
86 7.87082 -76.404 -1.8069
87 7.2756 -78.5688 -1.83044
88 6.55802 -80.826 -1.87219
89 5.70873 -82.9227 -1.9683
90 4.80451 -84.9892 -1.85527
91 4.10559 -87.1252 -1.87178
92 3.31787 -89.111 -1.95334
93 2.34626 -91.1539 -1.97959
94 1.49972 -93.1072 -1.86359
95 0.778736 -95.2491 -1.8745
96 -0.0849789 -97.3313 -1.97269
97 -1.09304 -99.5718 -1.98236
98 -1.0136 -101.529 -0.382021
99 1.19938 -102.36 -0.348284
100 3.45857 -103.105 -0.325757
101 5.73095 -103.798 -0.28426
102 7.88758 -104.453 -0.296825
103 10.1532 -105.268 -0.377034
104 12.4308 -106.107 -0.317747
105 14.4696 -105.405 1.06511
106 15.504 -103.073 1.21584
107 16.1025 -100.714 1.36841
108 16.6747 -98.2269 1.35588
109 17.2982 -95.8753 1.28649
110 18.0614 -93.6452 1.25303
111 18.8403 -91.376 1.26861
112 19.6185 -88.9412 1.29042
113 20.2857 -86.5967 1.31959
114 20.9131 -84.3768 1.2887
115 21.5989 -82.0356 1.32374
116 22.3291 -79.706 1.28426
117 23.0377 -77.3836 1.30426
118 23.6879 -75.0275 1.34362
119 24.5727 -72.6301 1.2387
120 25.3448 -70.3189 1.32302
121 25.9105 -67.95 1.38594
122 26.3829 -65.6864 1.39726
123 26.9293 -63.3183 1.36556
124 27.4675 -61.0684 1.34809
125 27.9875 -58.6912 1.39556
126 28.3952 -56.2848 1.4376
127 28.9113 -54.0317 1.35906
128 29.2033 -51.7652 2.02214
129 27.0357 -51.17 -3.12891
130 24.6707 -50.9929 3.04741
131 22.3179 -50.6599 2.99456
132 20.085 -50.3336 3.03005
133 17.9611 -50.0322 2.99499
134 15.4754 -49.703 3.06997
135 13.3102 -50.3122 -1.99156
136 12.8796 -52.6386 -1.68443
137 12.5438 -55.1507 -1.72584
138 12.094 -57.664 -1.77784
139 11.5185 -60.1396 -1.82945
140 10.9761 -62.6331 -1.80778
141 10.4106 -64.9821 -1.81303
142 9.84111 -67.4632 -1.8195
143 9.23437 -69.8058 -1.83519
144 8.56509 -72.1256 -1.8727
145 7.95255 -74.5954 -1.84172
146 7.22211 -77.034 -1.88359
147 6.4587 -79.3241 -1.87976
148 5.65761 -81.7404 -1.9113
149 4.95547 -84.1756 -1.78755
150 4.20787 -86.6193 -1.89524
151 3.31984 -89.0084 -1.95673
152 2.37801 -91.2249 -1.99091
153 1.32877 -93.5441 -1.97498
154 0.496853 -95.8536 -1.94189
155 -0.451566 -98.1761 -1.97469
156 -1.50178 -100.403 -2.0348
157 -2.5984 -102.473 -2.05263
158 -3.74125 -104.511 -2.08248
159 -5.01941 -106.633 -2.11069
160 -6.24155 -108.775 -2.03341
161 -7.34609 -110.838 -2.0588
162 -8.56649 -112.991 -2.08127
163 -9.84253 -115.103 -2.11192
164 -11.1757 -117.196 -2.11997
165 -12.5365 -119.266 -2.1442
166 -13.864 -121.06 -2.16326
167 -15.2877 -122.962 -2.13445
168 -16.6069 -124.772 -2.14161
169 -18.0292 -126.676 -2.15546
170 -19.4633 -128.56 -2.1586
171 -20.6775 -130.607 -2.02095
172 -21.7198 -132.893 -2.06579
173 -22.9919 -134.956 -2.13472
174 -24.3285 -137.034 -2.14347
175 -25.7034 -138.979 -2.28205
176 -27.0314 -141.105 -2.09894
177 -28.2348 -143.155 -2.09994
178 -29.5271 -145.315 -2.11549
179 -29.1677 -147.376 -0.440036
180 -26.7801 -148.417 -0.395176
181 -24.4496 -149.562 -0.536533
182 -22.285 -150.768 -0.493647
183 -19.9447 -151.919 -0.383131
184 -17.6915 -153.215 -0.559621
185 -15.4792 -154.251 0.14374
186 -14.12 -152.082 1.12498
187 -12.9909 -149.847 1.1042
188 -11.7952 -147.627 1.08071
189 -10.2327 -145.513 0.837017
190 -8.85319 -143.418 1.0372
191 -7.62135 -141.25 1.07338
192 -6.30309 -138.959 1.05202
193 -5.00879 -136.821 1.03155
194 -3.59573 -134.596 1.00666
195 -2.13788 -132.399 0.986702
196 -0.670541 -130.207 0.982778
197 0.712115 -127.968 1.03512
198 2.03855 -125.868 1.00388
199 3.4295 -123.823 0.975315
200 4.84951 -121.811 1.02526
201 6.23763 -119.633 1.00746
202 7.61378 -117.595 0.970774
203 8.96241 -115.674 0.9768
204 10.2906 -113.597 1.00635
205 11.6625 -111.555 0.976309
206 13.0667 -109.53 1.12789
207 13.0616 -107.201 2.24873
208 11.0662 -106.037 2.9067
209 8.98473 -105.119 2.66807
210 6.95022 -103.977 2.67418
211 4.85314 -102.771 2.60779
212 3.51638 -101.904 2.56348
213 2.18466 -100.98 2.62041
214 0.614189 -100.162 2.76245
215 -0.95033 -100.76 -2.22473
216 -2.30461 -102.82 -2.05097
217 -3.49123 -105.012 -2.05697
218 -4.60941 -107.09 -2.0381
219 -5.69791 -109.332 -1.88169
220 -7.10643 -111.197 -2.19794
221 -8.62364 -113.18 -2.19363
222 -10.0777 -115.206 -2.11259
223 -11.3109 -117.223 -2.10068
224 -12.5955 -119.356 -2.14848
225 -13.9729 -121.569 -2.14576
226 -15.3524 -123.762 -2.16145
227 -16.6847 -125.845 -2.20227
228 -18.6865 -127.372 -2.91941
229 -21.0581 -126.866 2.60021
230 -22.7905 -125.775 2.55027
231 -24.3435 -124.688 2.56352
232 -25.9054 -123.502 2.48288
233 -27.4899 -122.262 2.5146
234 -29.078 -121.027 2.5518
235 -30.7608 -119.782 2.51359
236 -32.3344 -118.444 2.45856
237 -32.7805 -116.312 1.55535
238 -33.8409 -114.523 2.45531
239 -35.4862 -112.958 2.44886
240 -36.989 -111.443 2.41205
241 -38.8406 -109.564 2.49431
242 -40.9166 -107.855 2.47637
243 -42.8826 -106.198 2.49849
244 -44.9561 -104.49 2.49225
245 -47.0159 -102.735 2.46188
246 -48.9345 -101.033 2.44253
247 -50.8286 -99.3044 2.17783
248 -49.9955 -96.8442 1.0944
249 -49.6584 -94.583 2.78882
250 -51.8867 -93.4454 2.57509
251 -53.9741 -92.8277 -2.0039
252 -54.2008 -94.7184 3.02934
253 -54.1725 -92.3363 1.32597
254 -53.3388 -89.7492 1.25458
255 -52.3296 -87.2314 1.18294
256 -51.2309 -84.7478 1.22773
257 -50.2937 -82.3345 1.218
258 -49.3743 -79.7294 1.28163
259 -48.5142 -77.0897 1.21402
260 -47.535 -74.6387 1.15145
261 -46.4267 -72.1125 1.37224
262 -45.7555 -69.5546 1.28833
263 -44.9233 -66.912 1.23031
264 -43.9793 -64.3034 1.1891
265 -42.7423 -61.9943 1.01007
266 -41.3964 -59.7402 1.04834
267 -40.193 -57.2656 1.12879
268 -39.0089 -54.7726 1.08495
269 -37.7043 -52.3393 1.02939
270 -36.4591 -49.8813 1.06838
271 -35.2989 -47.5193 1.09161
272 -34.1755 -45.2813 1.14056
273 -33.0194 -42.773 1.10122
274 -31.8667 -40.4988 1.06794
275 -30.7172 -38.0845 1.09919
276 -29.5651 -35.8176 1.05786
277 -28.2819 -33.48 1.02994
278 -26.9559 -31.1541 0.973165
279 -25.723 -28.9293 1.05075
280 -24.4134 -26.6105 1.0157
281 -23.0888 -24.4475 0.978293
282 -21.9013 -22.7834 1.14307
283 -21.1381 -20.8999 1.06675
284 -20.2399 -19.2895 1.07852
285 -19.4707 -17.7516 1.12797
286 -18.5782 -15.8827 1.03027
287 -17.263 -13.977 0.936095
288 -15.8865 -11.9843 1.00682
289 -14.6656 -9.99362 0.983067
290 -13.4192 -8.04014 1.01088
291 -12.1445 -5.96739 1.02738
292 -11.1136 -4.29864 0.965281
293 -10.0527 -2.88987 0.818849
294 -8.61512 -2.82441 -0.686232
295 -7.16934 -4.06094 -0.779321
296 -5.80994 -5.43737 -0.854444
297 -4.62871 -6.87608 -0.805303
298 -3.33384 -8.20874 -0.635866
299 -1.71927 -9.10402 -0.441511
300 0.00408958 -9.18119 0.132474
301 1.7645 -8.56719 0.844363
302 2.85149 -6.84349 0.748491
303 4.39536 -5.61324 0.55919
304 6.25144 -4.34629 0.53492
305 8.03408 -3.18616 0.512119
306 9.93831 -2.01445 0.471286
307 11.7188 -1.38696 -0.692679
308 12.5953 -3.02299 -1.36014
309 12.84 -4.50833 -1.4216
310 12.9674 -6.03695 -1.53141
311 13.0859 -7.80187 -1.43503
312 13.307 -9.54337 -1.403
313 13.508 -11.5127 -1.39881
314 13.7149 -13.5363 -1.47674
315 13.7666 -15.4755 -1.53729
316 13.2163 -17.1312 -1.49357
317 12.6977 -18.7708 -1.45843
318 12.2116 -20.3993 -1.46458
319 11.726 -22.0228 -1.44886
320 11.1553 -23.8872 -1.38745
321 10.6625 -25.7448 -1.34411
322 10.3419 -27.4372 -1.2737
323 10.1439 -29.0419 -1.18922
324 10.1733 -30.4864 -0.910457
325 10.4363 -31.6034 -0.82691
326 10.5813 -32.1211 -0.729468
327 10.9291 -32.8294 -0.592049
328 11.2994 -33.281 -0.464985
329 11.6985 -33.6333 -0.370919
330 12.212 -33.9276 -0.269507
331 12.6764 -34.0441 -0.0490434
332 12.744 -34.4008 -0.744631
333 13.0105 -35.0882 -0.753463
334 13.2905 -35.749 -0.618558
335 13.6332 -36.2708 -0.523646
336 14.9237 -36.5219 -0.643563
337 16.2603 -36.8228 -0.671215
338 17.4117 -37.1517 -0.72901
339 17.9175 -37.4957 -0.887243
340 17.4183 -38.0548 2.73147
341 17.3811 -37.9621 -0.702149
342 17.8594 -38.244 -0.251434
343 19.0656 -37.5118 0.0326644
344 20.1057 -37.2579 -0.174483
345 20.1555 -37.4765 -2.84589
346 18.6715 -38.1685 -2.61954
347 16.7954 -38.681 -2.79042
348 14.7015 -38.9868 -2.87413
349 12.4595 -39.0694 3.11816
350 10.1125 -38.7701 -3.13049
351 7.68139 -38.4282 3.13373
352 5.47353 -38.3639 -2.36982
353 4.76545 -39.2649 -1.91902
354 4.24326 -40.0859 -1.83718
355 3.62305 -40.9904 -1.9466
356 2.99351 -41.8294 -1.85113
357 2.47783 -42.6481 -1.79473
358 1.91097 -43.5418 -1.93131
359 1.27764 -44.3775 -1.90543
360 0.617418 -45.2858 -1.8707
361 -0.0974389 -46.1942 -1.93168
362 -0.743922 -47.0358 -1.8987
363 -1.33756 -47.8674 -1.845
364 -1.69133 -48.6649 -0.652753
365 -0.76263 -48.5596 -0.171619
366 0.765442 -48.9381 -0.202295
367 2.30409 -49.2996 -0.172271
368 3.84667 -49.6104 -0.144678
369 5.48498 -49.8503 -0.0083471
370 7.04604 -49.8948 0.032312
371 8.68975 -49.8564 0.122581
372 9.0819 -48.4991 1.87469
373 8.56873 -46.8662 1.8808
374 7.96514 -45.1756 1.90233
375 7.33634 -43.5746 1.97178
376 6.57882 -41.9326 2.15256
377 5.55922 -40.4085 2.00977
378 6.58684 -39.3559 0.815993
379 7.73524 -38.1691 1.00634
380 8.68728 -36.8781 0.914437
381 9.68258 -35.5822 0.927017
382 10.6511 -34.323 0.927006
383 11.5984 -33.0678 0.924539
384 12.6021 -31.7401 0.929699
385 13.6861 -30.2185 0.980548
386 14.7347 -28.5978 1.01836
387 15.7506 -26.9563 1.00876
388 16.8242 -25.2285 1.06733
389 17.6029 -23.4464 1.15687
390 18.39 -21.6703 1.13801
391 19.3195 -19.6149 1.11536
392 20.152 -17.2954 1.21437
393 20.9923 -14.966 1.18179
394 21.4821 -12.7035 1.34584
395 22.0893 -11.3876 1.67212
396 20.7588 -10.9395 -2.45241
397 20.8533 -12.2356 -0.101694
398 21.4989 -11.2816 2.44
399 20.1772 -10.2698 2.13957
400 19.5174 -8.68148 1.7901
401 18.8691 -6.85798 2.03055
402 17.9431 -5.00739 1.98914
403 16.8998 -3.22406 2.10242
404 15.9008 -1.87046 2.11045
405 15.0059 -0.402233 2.0853
406 13.6988 0.12668 -2.58202
407 12.1718 -0.787711 -2.58932
408 10.6369 -1.68745 -2.60015
409 8.9806 -2.62676 -2.60212
410 7.1983 -3.92651 -2.45265
411 5.50659 -5.33899 -2.38345
412 3.70898 -6.93817 -2.39002
413 2.10683 -8.46205 -2.33383
414 0.331366 -9.45965 -2.99807
415 -1.71503 -9.03144 2.49655
416 -3.40678 -7.72742 2.35918
417 -5.01365 -6.1755 2.3816
418 -6.4557 -4.7191 2.34755
419 -8.04049 -3.26287 2.50475
420 -9.6159 -1.96136 2.41319
421 -11.2474 -0.559693 2.41015
422 -12.6516 0.920927 2.41417
423 -14.1465 2.32186 2.35791
424 -15.5327 3.82317 2.20143
425 -15.9614 5.80345 1.7277
426 -16.212 8.00903 1.63103
427 -15.7771 10.3141 0.839825
428 -13.9947 11.7575 0.652701
429 -12.3486 13.3955 0.981303
430 -10.957 15.3226 0.934337
431 -9.40083 17.28 0.888175
432 -8.69569 19.062 1.87378
433 -10.0379 20.3309 2.38543
434 -11.2189 21.2309 2.73104
435 -13.0898 22.3235 2.56064
436 -15.204 23.7712 2.55125
437 -17.3485 25.179 2.53973
438 -19.393 26.5088 2.63208
439 -21.5013 27.7182 2.65237
440 -23.7452 28.9712 2.61552
441 -25.8314 30.2274 2.62029
442 -28.0413 31.539 2.59156
443 -30.2978 32.7527 2.69181
444 -32.1986 33.8595 2.38302
445 -33.4854 34.7098 2.65626
446 -35.1533 35.6257 2.63327
447 -37.3201 36.8942 2.60166
448 -39.3976 38.184 2.56409
449 -41.5599 39.5615 2.5804
450 -43.7141 40.9431 2.56239
451 -45.84 42.3884 2.50802
452 -48.0393 43.6964 2.68146
453 -50.3206 44.8507 2.65812
454 -52.5996 46.0591 2.64576
455 -54.7306 47.2337 2.62458
456 -56.954 48.5186 2.61142
457 -59.1527 49.8364 2.61683
458 -61.3535 51.1277 2.59275
459 -62.8005 52.0286 2.58129
460 -64.2993 52.9143 2.74603
461 -66.0107 53.6411 2.74216
462 -68.079 54.7316 2.62878
463 -70.1938 55.9463 2.61364
464 -72.3068 55.5602 -2.22012
465 -73.9198 53.5341 -2.54568
466 -76.177 54.2284 2.71609
467 -78.5241 55.2706 2.66004
468 -80.5933 56.5264 2.59909
469 -82.1904 57.5325 2.58643
470 -83.6247 58.7272 2.05721
471 -84.6376 60.8196 2.25403
472 -86.3865 62.3395 2.57773
473 -88.2982 63.4761 2.786
474 -90.117 62.6079 -2.10179
475 -91.2793 60.5664 -2.0748
476 -92.4808 58.3007 -2.02192
477 -93.9589 56.184 -2.19027
478 -95.4933 54.0864 -2.17801
479 -96.8704 52.0389 -2.13744
480 -98.2367 49.8251 -2.09535
481 -99.5304 47.5798 -2.13463
482 -100.833 45.4855 -2.15356
483 -102.247 43.3002 -2.12228
484 -103.633 41.2632 -2.1821
485 -105.088 39.1053 -2.14129
486 -106.566 36.9774 -2.26818
487 -108.108 35.0518 -2.19451
488 -109.534 33.0437 -2.1699
489 -110.747 30.768 -1.79601
490 -110.768 28.1979 -1.30919
491 -109.996 25.8531 -1.31555
492 -109.5 23.3155 -1.37333
493 -108.685 20.883 -0.837681
494 -107.342 19.713 -0.267765
495 -106.184 18.6289 -2.07165
496 -107.489 19.4745 2.55175
497 -106.141 18.7367 -0.47032
498 -104.159 17.1065 -0.772578
499 -102.368 15.4325 -0.709756
500 -100.495 13.8383 -0.66716
501 -98.4176 12.3103 -0.581294
502 -96.2499 10.9092 -0.529692
503 -94.1323 9.68792 -0.485625
504 -92.1438 8.62048 -0.655076
505 -90.3243 7.15698 -0.643784
506 -88.3633 5.68769 -0.60849
507 -86.2411 4.22263 -0.560082
508 -84.2195 2.61079 -0.659403
509 -82.2727 1.11524 -0.622443
510 -80.175 -0.391716 -0.591783
511 -78.2832 -1.92561 -0.799529
512 -76.5009 -3.80479 -0.788806
513 -74.6039 -5.57329 -0.717072
514 -72.7521 -7.16871 -0.639519
515 -70.41 -8.22754 -0.339345
516 -68.1725 -9.20353 -0.503558
517 -66.1605 -10.6795 -0.66378
518 -64.1636 -12.2648 -0.653123
519 -62.112 -13.8178 -0.608149
520 -60.1099 -15.2409 -0.595506
521 -58.1618 -16.5746 -0.580002
522 -56.0069 -17.978 -0.550918
523 -53.8449 -19.3845 -0.629032
524 -51.929 -20.921 -0.649761
525 -49.8722 -22.4767 -0.613166
526 -47.7648 -23.965 -0.578485
527 -45.7111 -25.3111 -0.54688
528 -43.5331 -26.6961 -0.590137
529 -41.5487 -28.1325 -0.602261
530 -39.535 -29.5614 -0.601213
531 -37.5141 -30.9446 -0.564577
532 -35.3348 -32.3411 -0.527194
533 -33.2354 -33.5935 -0.515241
534 -31.1381 -34.9217 -0.74077
535 -30.3972 -37.2242 -1.84346
536 -31.4174 -39.6035 -1.99538
537 -32.506 -41.8176 -2.06369
538 -33.7895 -43.9681 -2.1352
539 -35.323 -45.8297 -2.41935
540 -35.0766 -47.5105 0.425805
541 -34.4021 -45.6486 1.22075
542 -33.4959 -43.1761 1.24012
543 -32.3206 -40.9773 0.973101
544 -30.7832 -38.8443 1.14087
545 -29.759 -36.42 1.20231
546 -28.7411 -34.1484 0.809387
547 -26.7119 -32.5693 1.10584
548 -25.6691 -30.2916 1.51005
549 -26.5056 -30.6213 -1.39816
550 -27.2839 -32.7528 -2.01443
551 -28.4373 -34.9885 -2.07144
552 -29.6463 -37.042 -2.13102
553 -30.8661 -39.2358 -2.07556
554 -31.9907 -41.4782 -1.85207
555 -32.7908 -43.8534 -1.97181
556 -33.3492 -45.9089 -1.82569
557 -34.2719 -48.238 -2.00073
558 -35.3801 -50.4963 -2.04872
559 -36.6022 -52.6923 -2.10259
560 -37.7165 -54.796 -1.94666
561 -38.6563 -57.131 -1.97059
562 -39.5422 -59.3454 -1.92772
563 -40.4478 -61.6877 -1.9542
564 -41.426 -64.0078 -1.98565
565 -42.4317 -66.1483 -2.0211
566 -43.56 -68.3707 -2.04813
567 -44.6402 -70.4729 -2.04793
568 -45.7657 -72.5983 -2.06263
569 -46.8818 -74.7779 -1.94435
570 -47.8227 -77.0859 -1.97211
571 -48.8889 -79.3406 -2.01818
572 -49.9221 -81.4599 -1.95565
573 -50.7242 -83.8848 -2.06842
574 -51.8729 -86.1248 -2.09584
575 -53.0963 -88.3313 -2.12882
576 -54.3028 -90.3989 -2.067
577 -52.8448 -92.22 -0.499872
578 -50.4615 -93.5353 -0.695123
579 -49.8048 -95.8427 -1.77616
580 -50.9305 -98.1187 -1.96279
581 -49.563 -99.935 -0.621102
582 -47.3226 -101.175 -0.525243
583 -45.5478 -102.169 -0.488367
584 -44.5735 -103.281 -2.19929
585 -45.9102 -102.568 2.28077
586 -47.4227 -101.5 2.73793
587 -49.7477 -100.373 2.66396
588 -51.6722 -98.8901 1.68178
589 -51.1629 -96.3973 1.31796
590 -51.7403 -94.2116 2.36621
591 -53.5896 -92.744 2.55215
592 -55.2192 -93.0281 -2.45515
593 -56.3387 -94.5059 -2.06986
594 -57.3393 -96.2668 -2.07165
595 -58.6091 -98.4792 -2.0866
596 -59.8331 -101.052 -1.91319
597 -60.9103 -103.826 -1.9231
598 -62.0132 -106.597 -1.92939
599 -63.0848 -109.244 -1.93534
600 -64.2104 -111.994 -1.93888
601 -65.2917 -114.64 -1.89486
602 -66.1412 -117.346 -1.96524
603 -67.6649 -119.916 -2.11886
604 -69.1567 -122.494 -2.01572
605 -70.4241 -125.057 -2.01374
606 -71.354 -127.604 -1.80921
607 -71.9595 -130.259 -1.80796
608 -72.6193 -132.911 -1.85238
609 -73.3932 -135.51 -2.02211
610 -74.4862 -137.861 -2.03304
611 -75.6364 -140.305 -2.04168
612 -76.7929 -142.645 -2.06452
613 -78.0052 -145.024 -2.07722
614 -79.2699 -147.277 -2.07742
615 -80.4839 -149.415 -2.05094
616 -81.5685 -151.739 -1.88853
617 -82.5399 -154.085 -2.4449
618 -84.3898 -153.486 1.79788
619 -86.2202 -152.159 2.70681
620 -88.4113 -151.073 2.73481
621 -90.9434 -150.591 2.99548
622 -93.4433 -149.936 2.82693
623 -95.7493 -149.102 2.76998
624 -98.1133 -148.091 2.71366
625 -100.433 -146.935 2.65229
626 -102.632 -145.85 2.72753
627 -104.957 -144.743 2.67113
628 -107.239 -143.518 2.69923
629 -109.65 -142.6 2.79574
630 -111.935 -141.706 2.75363
631 -114.286 -140.671 2.7034
632 -116.606 -139.515 2.65881
633 -118.744 -138.325 2.61667
634 -121.089 -137.255 2.81849
635 -123.406 -136.452 2.80252
636 -125.824 -135.538 2.7683
637 -128.208 -134.558 2.7398
638 -130.568 -133.492 2.70469
639 -132.878 -132.345 2.66999
640 -135.153 -131.121 2.63099
641 -137.325 -130 2.72267
642 -139.672 -128.91 2.69909
643 -141.985 -127.77 2.67043
644 -144.261 -126.563 2.67337
645 -146.506 -125.576 2.73451
646 -148.863 -124.523 2.71467
647 -151.203 -123.415 2.698
648 -153.518 -122.268 2.67197
649 -155.756 -121.282 2.80164
650 -158.174 -120.382 2.78378
651 -160.4 -119.153 2.48064
652 -162.438 -117.529 2.50996
653 -164.523 -116.243 2.61114
654 -166.677 -115.075 2.67629
655 -168.972 -113.908 2.66184
656 -171.269 -112.697 2.65041
657 -172.963 -112.59 -2.87709
658 -174.711 -113.075 -2.80065
659 -176.609 -113.71 -2.84645
660 -179.062 -114.534 -2.72686
661 -181.228 -115.868 -2.28383
662 -182.607 -118.045 -2.11481
663 -183.862 -120.184 -2.06531
664 -184.937 -122.254 -2.01466
665 -186.023 -124.588 -1.95993
666 -187.166 -126.754 -2.03751
667 -188.3 -129.077 -2.00632
668 -189.617 -131.12 -2.27302
669 -190.971 -133.029 -2.13644
670 -192.099 -134.767 -2.08948
671 -193.08 -136.578 -1.95478
672 -193.91 -138.575 -2.03386
673 -194.711 -140.247 -1.98859
674 -195.714 -142.186 -2.17176
675 -197.115 -144.238 -2.14432
676 -198.445 -146.296 -2.13096
677 -199.805 -148.487 -2.10355
678 -201.128 -150.698 -2.09239
679 -201.765 -152.352 -1.39716
680 -200.705 -153.814 -0.484953
681 -198.456 -154.959 -0.43137
682 -196.124 -155.556 -0.382618
683 -194.124 -156.375 -0.35453
684 -192.604 -156.945 -0.451212
685 -190.715 -158.617 -0.446314
686 -188.365 -159.619 -0.360793
687 -186.08 -160.473 -0.327234
688 -183.66 -161.318 -0.359084
689 -181.373 -162.135 -0.30177
690 -179.018 -163.152 -0.438453
691 -176.801 -164.162 -0.397821
692 -174.495 -165.268 -0.591008
693 -172.466 -166.615 -0.538604
694 -170.202 -167.821 -0.458139
695 -168.028 -169.165 -0.553601
696 -165.787 -170.091 -0.248606
697 -163.432 -170.679 -0.221818
698 -161.53 -171.992 -0.729915
699 -160.019 -172.774 -0.417197
700 -158.642 -173.706 -0.272018
701 -156.982 -173.676 0.209904
702 -155.666 -172.97 0.717387
703 -153.971 -172.6 -0.271197
704 -153.255 -174.612 -1.21599
705 -151.84 -176.654 -0.521342
706 -149.659 -177.709 -0.410549
707 -147.407 -178.633 -0.354213
708 -145.001 -179.517 -0.388749
709 -142.801 -180.649 -0.460328
710 -140.532 -181.761 -0.450096
711 -138.341 -183.084 -0.453861
712 -136.105 -184.306 -0.650606
713 -134 -185.518 -0.43842
714 -131.696 -186.636 -0.450341
715 -129.354 -187.698 -0.27744
716 -126.894 -188.384 -0.242275
717 -124.53 -188.975 -0.301766
718 -122.133 -189.879 -0.343318
719 -119.864 -191.069 -0.536386
720 -117.782 -192.321 -0.522488
721 -115.476 -193.427 -0.278557
722 -113.345 -194.571 -0.511222
723 -111.176 -195.253 -0.274669
724 -109.443 -195.939 -0.433566
725 -107.466 -196.807 -0.0672312
726 -106.117 -195.748 1.13549
727 -105.119 -193.562 1.16474
728 -104.14 -191.334 1.09538
729 -102.995 -189.043 1.13252
730 -101.916 -186.701 1.07643
731 -100.62 -184.494 0.9752
732 -99.0055 -182.503 0.914084
733 -97.5521 -180.546 0.967842
734 -96.1424 -178.408 1.03043
735 -94.8561 -176.18 1.0799
736 -93.7435 -174.009 1.12892
737 -92.6414 -171.694 1.08168
738 -91.5302 -169.528 1.12521
739 -90.2901 -167.281 1.03057
740 -88.9967 -165.06 1.07275
741 -87.831 -162.924 1.1044
742 -86.2849 -160.875 0.920532
743 -84.7741 -158.804 0.974499
744 -83.4376 -156.629 1.34267
745 -83.2982 -154.081 1.81369
746 -84.5488 -152.617 2.78998
747 -85.2123 -153.506 -0.260572
748 -83.5891 -153.325 -0.377526
749 -81.9911 -153.476 0.73739
750 -81.0746 -151.827 1.12333
751 -80.2955 -149.524 1.35983
752 -79.7989 -147.006 1.40769
753 -79.2938 -144.493 1.15611
754 -78.2467 -142.436 1.15316
755 -77.1391 -140.27 1.07207
756 -75.9097 -138.155 1.09891
757 -74.7662 -136.004 1.14799
758 -73.7945 -133.917 1.20093
759 -72.9358 -131.789 1.24038
760 -72.1107 -129.498 1.29532
761 -71.2241 -127.243 1.14507
762 -70.1011 -125.225 1.11153
763 -69.1675 -123.275 1.14068
764 -68.3263 -121.383 1.15871
765 -67.508 -119.416 1.18722
766 -66.7866 -117.518 1.20432
767 -66.0174 -115.489 1.17935
768 -65.2174 -113.617 1.12374
769 -64.3138 -111.655 1.15212
770 -63.479 -109.658 1.17536
771 -62.7651 -107.845 1.1853
772 -61.9739 -105.838 1.12921
773 -61.069 -103.868 1.13741
774 -60.1872 -101.892 1.143
775 -59.3609 -100.034 1.13887
776 -58.4228 -98.0908 1.12363
777 -57.3751 -95.8599 1.15329
778 -56.3287 -93.4797 1.17799
779 -55.3396 -91.0845 1.19207
780 -54.2831 -88.8589 1.1256
781 -53.1493 -86.5353 1.12722
782 -52.0864 -84.2636 1.15578
783 -50.9766 -81.9633 1.08675
784 -49.7808 -79.6599 1.10011
785 -48.6803 -77.4603 1.12229
786 -47.6113 -75.2387 1.12992
787 -46.5175 -72.8876 1.14861
788 -45.4544 -70.5231 1.16002
789 -44.4142 -68.1438 1.16562
790 -43.4032 -65.7564 1.18323
791 -42.3019 -63.5543 1.09087
792 -41.0981 -61.2826 1.08871
793 -39.8862 -59.0138 1.08265
794 -38.7306 -56.8569 1.08777
795 -37.5231 -54.5881 1.09124
796 -36.3665 -52.4333 1.08333
797 -35.1407 -50.1655 1.08124
798 -33.9269 -47.9002 1.12749
799 -32.965 -45.6541 1.12691
800 -31.8357 -43.3436 1.12369
801 -30.7342 -41.1705 1.06349
802 -29.472 -38.9194 1.06963
803 -28.4424 -37.0651 1.06385
804 -27.4898 -35.3581 1.0649
805 -26.2193 -33.1174 1.06007
806 -24.9896 -30.9545 1.06066
807 -23.7386 -28.7532 1.05723
