0 0 0 0
1 2.03935 0.003006 0.014452
2 4.26624 0.0583997 0.041251
3 6.42092 0.110999 -0.016416
4 8.61764 0.065106 -0.013665
5 11.5322 -0.534749 -0.387743
6 14.0382 -1.97543 -1.01499
7 14.3514 -4.25828 -1.67744
8 14.2906 -6.36089 -1.73679
9 14.3348 -8.73171 -1.61077
10 14.1693 -10.9908 -1.67599
11 13.857 -13.379 -1.68453
12 13.7767 -15.7779 -1.61653
13 13.5057 -18.2843 -1.69413
14 13.0468 -20.6865 -1.78653
15 12.5938 -23.0872 -1.75082
16 12.0278 -25.5983 -1.80154
17 11.3205 -27.9495 -1.8866
18 10.4301 -30.2338 -1.95267
19 9.47588 -32.5117 -1.96546
20 8.63787 -34.9544 -1.78825
21 7.90379 -37.429 -1.90554
22 6.78541 -39.7668 -2.04766
23 5.5273 -41.9106 -2.09865
24 4.25945 -44.1845 -2.00023
25 3.10878 -46.388 -2.04433
26 1.85162 -48.5212 -2.0872
27 -0.260567 -49.2176 2.74982
28 -2.40806 -47.8537 2.55615
29 -4.64753 -46.3723 2.53201
30 -6.85631 -44.5125 2.51048
31 -9.29005 -43.9141 -2.5435
32 -11.3474 -45.1181 -2.39981
33 -13.5192 -45.985 -2.68259
34 -15.7309 -46.9931 -2.2565
35 -17.9249 -48.0374 -2.56669
36 -19.941 -49.2147 -1.92248
37 -19.569 -50.8576 -0.785461
38 -18.0745 -52.1378 -1.00958
39 -16.9818 -53.7236 -1.03467
40 -15.9788 -55.2118 -1.04508
41 -14.984 -56.8456 -1.06945
42 -14.0692 -58.3791 -1.09927
43 -13.1389 -60.0487 -1.07238
44 -12.2056 -61.7307 -1.09252
45 -10.5917 -61.938 0.360119
46 -7.77612 -61.1276 0.394828
47 -4.96955 -60.2793 0.370258
48 -2.26774 -59.5152 0.34181
49 0.581136 -58.7694 0.361485
50 2.06047 -57.1829 1.60798
51 1.43289 -55.4085 2.13374
52 0.597211 -53.5547 2.07071
53 -0.0805518 -51.7665 2.01516
54 -0.47339 -50.1101 0.693687
55 -1.00032 -49.8163 3.01673
56 -2.12981 -48.8825 2.43762
57 -3.37082 -47.6166 2.3929
58 -4.64056 -46.3783 2.43572
59 -5.9809 -45.3999 2.55953
60 -7.40589 -44.3593 2.60597
61 -8.72551 -43.4316 2.39163
62 -9.59334 -41.9305 1.63089
63 -9.88739 -40.0503 1.76296
64 -10.5163 -38.3642 1.9468
65 -11.1931 -36.3089 1.87793
66 -11.9111 -34.2895 1.89266
67 -12.4719 -32.1463 1.80903
68 -12.7709 -30.3392 1.64542
69 -11.4975 -29.0186 -0.065316
70 -9.13205 -29.2546 -0.177206
71 -6.66416 -29.7198 -0.205115
72 -4.51805 -30.278 -0.273689
73 -2.4725 -30.8589 -0.237697
74 -0.692047 -30.3566 0.978559
75 0.120247 -28.4606 1.26703
76 0.882574 -26.3387 1.21797
77 1.70464 -24.312 1.2277
78 2.46944 -22.2606 1.22986
79 3.33555 -20.1184 1.18278
80 4.31393 -18.006 1.13577
81 5.33323 -16.0544 1.09033
82 6.43012 -14.0118 1.10422
83 7.50753 -12.0879 1.06656
84 8.86896 -10.0552 0.861195
85 10.1828 -8.13962 1.1269
86 11.2633 -6.08256 1.10518
87 12.3885 -4.05248 1.08454
88 13.6504 -1.95792 1.04616
89 14.9983 -0.0446555 0.954068
90 16.3859 1.83227 1.0716
91 17.5762 3.82749 1.0591
92 18.8142 5.66207 0.982368
93 20.2374 7.51932 0.960681
94 21.5092 9.32107 1.08234
95 22.6829 11.3389 1.07635
96 23.9766 13.2762 0.984265
97 25.4104 15.296 0.974968
98 25.7094 17.2344 2.58007
99 23.7166 18.4383 2.61478
100 21.6624 19.5648 2.63845
101 19.5847 20.639 2.68131
102 17.6125 21.6532 2.67021
103 15.4943 22.8365 2.58634
104 13.3733 24.0544 2.64179
105 11.2041 23.7172 -2.27844
106 9.69144 21.6128 -2.13226
107 8.59369 19.3985 -1.98397
108 7.48451 17.0577 -1.9997
109 6.34739 14.8634 -2.07242
110 5.0923 12.8211 -2.10881
111 3.80701 10.7478 -2.09574
112 2.47988 8.51668 -2.07628
113 1.27732 6.35124 -2.0493
114 0.137956 4.3001 -2.08229
115 -1.09123 2.14691 -2.04907
116 -2.3652 0.0174151 -2.09027
117 -3.61993 -2.10794 -2.07167
118 -4.82833 -4.27804 -2.03356
119 -6.27911 -6.43138 -2.13977
120 -7.60165 -8.52612 -2.05643
121 -8.73791 -10.7245 -1.99423
122 -9.75854 -12.8424 -1.98337
123 -10.8782 -15.0434 -2.01533
124 -11.9616 -17.1317 -2.03286
125 -13.0583 -19.3474 -1.98522
126 -14.0519 -21.6181 -1.94278
127 -15.1132 -23.7153 -2.02061
128 -15.9566 -25.879 -1.35538
129 -14.0145 -26.9758 -0.218081
130 -11.7834 -27.7033 -0.322928
131 -9.59714 -28.5749 -0.373523
132 -7.52361 -29.406 -0.33561
133 -5.46244 -30.1498 -0.371015
134 -3.04956 -30.988 -0.297447
135 -0.731134 -30.8444 0.915335
136 0.285807 -28.6184 1.22019
137 1.2614 -26.1936 1.17793
138 2.35167 -23.7954 1.12557
139 3.55693 -21.4636 1.07408
140 4.73398 -19.1066 1.09633
141 5.89603 -16.8937 1.09203
142 7.09307 -14.5533 1.08694
143 8.28929 -12.3536 1.07305
144 9.53791 -10.1885 1.0378
145 10.762 -7.86289 1.07153
146 12.0887 -5.59109 1.03279
147 13.4062 -3.46641 1.03994
148 14.7831 -1.22385 1.01219
149 16.0579 1.0638 1.14106
150 17.3681 3.35621 1.03865
151 18.7937 5.57275 0.982379
152 20.2254 7.61739 0.953438
153 21.7739 9.74763 0.974842
154 23.0926 11.9193 1.01396
155 24.517 14.0893 0.987336
156 26.0324 16.208 0.939289
157 27.5431 18.1806 0.932586
158 29.0732 20.1298 0.914114
159 30.7276 22.1592 0.897167
160 32.3056 24.2345 0.987114
161 33.7301 26.2647 0.972914
162 35.2573 28.3862 0.961556
163 36.813 30.4771 0.942139
164 38.4008 32.5605 0.944752
165 39.9925 34.6349 0.931431
166 41.4925 36.3924 0.919822
167 43.0814 38.262 0.956324
168 44.5441 40.0562 0.956922
169 46.0996 41.95 0.951175
170 47.6494 43.8356 0.956166
171 48.9176 45.8484 1.0925
172 50.0234 48.1045 1.04651
173 51.3549 50.1289 0.976368
174 52.7539 52.165 0.966538
175 54.189 54.0643 0.826574
176 55.586 56.1449 1.00825
177 56.8589 58.1526 1.00619
178 58.2267 60.2647 0.989545
179 57.9427 62.3365 2.65777
180 55.6032 63.4801 2.70149
181 53.3267 64.7278 2.55872
182 51.2205 66.0319 2.60044
183 48.9378 67.2916 2.70962
184 46.7509 68.6943 2.5316
185 44.5942 69.8394 -3.05144
186 43.1207 67.7447 -2.0746
187 41.8641 65.577 -2.09658
188 40.5393 63.4297 -2.1213
189 38.8523 61.4128 -2.36684
190 37.3452 59.4056 -2.16838
191 35.9775 57.3184 -2.13351
192 34.513 55.1169 -2.15618
193 33.0794 53.0672 -2.17798
194 31.519 50.9412 -2.20425
195 29.9129 48.8481 -2.2256
196 28.2949 46.7628 -2.2309
197 26.755 44.6266 -2.18007
198 25.2782 42.6284 -2.21282
199 23.738 40.6903 -2.24292
200 22.1685 38.7906 -2.19457
201 20.615 36.7252 -2.21395
202 19.0812 34.8012 -2.2523
203 17.5809 32.9934 -2.24784
204 16.0855 31.0314 -2.21996
205 14.5463 29.11 -2.25176
206 12.973 27.211 -2.10235
207 12.7727 24.8872 -0.988823
208 14.6498 23.5339 -0.33528
209 16.6312 22.408 -0.576475
210 18.5403 21.0601 -0.571986
211 20.5626 19.6398 -0.6365
212 21.8515 18.6219 -0.67944
213 23.1296 17.5502 -0.621585
214 24.6654 16.565 -0.478983
215 26.3538 17.0227 0.819602
216 27.9642 18.9644 0.994792
217 29.4166 21.0554 0.990479
218 30.7831 23.0432 1.01163
219 32.1329 25.1977 1.1718
220 33.7607 26.9568 0.861395
221 35.499 28.8311 0.869538
222 37.1696 30.76 0.955591
223 38.605 32.7054 0.972438
224 40.0926 34.7692 0.930706
225 41.6832 36.9755 0.942575
226 43.2558 39.1764 0.936483
227 44.7556 41.2849 0.905924
228 46.8945 42.8221 0.215788
229 49.3411 42.3551 -0.522874
230 51.1499 41.3328 -0.565182
231 52.781 40.3168 -0.545828
232 54.4439 39.2212 -0.612485
233 56.1481 38.0975 -0.569853
234 57.8684 36.9975 -0.523287
235 59.7 35.9129 -0.553649
236 61.4344 34.7196 -0.605294
237 62.079 32.7006 -1.50188
238 63.3239 31.0471 -0.600796
239 65.1635 29.6639 -0.608357
240 66.8476 28.3099 -0.64784
241 68.9277 26.6456 -0.569838
242 71.2236 25.193 -0.592829
243 73.3914 23.7647 -0.577538
244 75.6672 22.2875 -0.592892
245 77.9188 20.7445 -0.635101
246 79.9989 19.213 -0.66821
247 82.0331 17.6273 -0.957694
248 81.3214 15.3036 -2.11412
249 80.85 13.1221 -0.472745
250 82.9456 11.7583 -0.698757
251 84.9532 10.8934 0.94533
252 85.5601 12.7439 -0.349441
253 84.9972 10.4661 -2.12099
254 83.4605 8.27109 -2.20307
255 81.7563 6.21217 -2.28573
256 79.9564 4.23221 -2.25115
257 78.3104 2.28392 -2.27126
258 76.6872 0.202141 -2.21989
259 75.083 -1.912 -2.30185
260 73.4071 -3.77881 -2.37963
261 71.5626 -5.6436 -2.17907
262 70.0596 -7.66673 -2.28116
263 68.3487 -9.67569 -2.35772
264 66.5196 -11.5728 -2.41801
265 64.5331 -13.0321 -2.62253
266 62.4463 -14.3406 -2.60398
267 60.3523 -15.8694 -2.54591
268 58.2349 -17.3749 -2.61218
269 56.0189 -18.7183 -2.69151
270 53.8105 -20.059 -2.67608
271 51.6961 -21.3096 -2.67659
272 49.6568 -22.4248 -2.65348
273 47.4065 -23.6885 -2.71929
274 45.3203 -24.6384 -2.78158
275 43.1198 -25.6306 -2.77852
276 40.9912 -26.4472 -2.84916
277 38.6982 -27.1592 -2.90532
278 36.3657 -27.7644 -2.99151
279 34.1556 -28.2973 -2.94387
280 31.8102 -28.7626 -3.00616
281 29.565 -29.0553 -3.07027
282 27.7907 -29.1086 -2.93843
283 26.0921 -29.5347 -3.04241
284 24.5327 -29.6697 -3.05493
285 23.1039 -29.8269 -3.03123
286 21.326 -30.0056 3.12713
287 19.2949 -29.8015 3.00721
288 17.1652 -29.5253 3.05379
289 15.119 -29.3308 3.00962
290 13.0988 -29.0561 3.01715
291 10.9666 -28.7555 3.01486
292 9.30586 -28.4938 2.9341
293 7.86629 -28.0941 2.76726
294 7.36688 -26.8177 1.17893
295 8.30487 -24.9755 1.07214
296 9.44297 -23.1842 0.986251
297 10.3495 -21.6475 0.978891
298 11.2216 -20.0825 1.07438
299 11.7537 -18.3172 1.18786
300 11.6252 -16.5033 1.61399
301 11.0532 -14.5967 2.14351
302 9.53362 -12.9956 1.97783
303 8.78746 -11.0643 1.70466
304 8.28639 -8.81762 1.6162
305 8.00461 -6.68215 1.52792
306 7.91057 -4.44805 1.41782
307 8.35835 -2.67346 -0.0351636
308 9.93383 -3.4431 -0.876044
309 10.7968 -4.67254 -1.00856
310 11.4951 -6.07817 -1.19453
311 12.149 -7.793 -1.17789
312 12.7667 -9.52573 -1.21425
313 13.2763 -11.557 -1.27255
314 13.6716 -13.6924 -1.41529
315 13.7776 -15.804 -1.53685
316 13.7708 -17.9772 -1.55849
317 13.662 -20.1571 -1.5949
318 13.4431 -22.3461 -1.68921
319 13.0336 -24.5217 -1.76898
320 12.399 -26.9156 -1.80639
321 11.6312 -29.3101 -1.87974
322 10.7906 -31.5905 -1.93097
323 9.83887 -33.8197 -1.97549
324 8.92507 -36.069 -1.86786
325 8.0911 -38.2648 -1.93086
326 7.35564 -39.9742 -1.97754
327 6.38931 -41.9415 -1.98388
328 5.5054 -43.8457 -1.99832
329 4.5314 -45.7089 -2.05552
330 3.41017 -47.606 -2.10241
331 2.316 -49.4083 -2.04247
332 0.64773 -49.9547 2.69842
333 -1.17984 -49.0507 2.48107
334 -2.78552 -47.8619 2.46346
335 -4.36483 -46.64 2.38335
336 -5.62465 -45.6804 2.33544
337 -7.01182 -44.7023 2.38072
338 -8.33663 -43.7914 2.39499
339 -9.18043 -43.211 2.4357
340 -8.95798 -42.7287 1.2578
341 -9.48694 -42.7407 -0.168873
342 -7.56293 -43.3627 0.827824
343 -7.27789 -42.5336 1.55193
344 -7.09976 -41.6877 1.57847
345 -6.14352 -41.2579 0.532046
346 -5.28037 -40.5117 1.15816
347 -4.63805 -39.626 1.20727
348 -4.09467 -38.7122 1.31023
349 -3.63368 -37.799 1.27217
350 -3.27104 -36.9521 1.51309
351 -3.13135 -36.0294 1.66525
352 -3.3095 -35.277 3.00159
353 -5.0168 -36.1217 -2.50906
354 -6.48468 -37.7262 -2.26942
355 -7.85824 -39.6422 -2.24434
356 -9.07658 -41.6228 -2.02023
357 -9.94408 -43.9094 -1.85671
358 -10.6182 -46.4015 -1.88669
359 -11.2423 -48.8225 -1.78209
360 -11.6528 -51.4231 -1.67781
361 -11.9956 -54.038 -1.67412
362 -12.1727 -56.607 -1.59087
363 -12.1515 -59.1964 -1.49273
364 -11.5644 -61.7631 -0.133586
365 -9.98082 -61.5172 0.449299
366 -8.88207 -61.0118 0.430516
367 -7.78769 -60.4724 0.469488
368 -6.71698 -59.8834 0.50445
369 -5.60736 -59.1693 0.646954
370 -4.64599 -58.3551 0.690974
371 -3.66453 -57.4139 0.782459
372 -4.34833 -55.9403 2.52457
373 -6.08586 -54.7783 2.52675
374 -7.93791 -53.6285 2.54244
375 -9.75332 -52.5563 2.60415
376 -11.703 -51.5286 2.7734
377 -13.8138 -50.7602 2.61591
378 -13.6929 -49.3059 1.34566
379 -13.4571 -47.7173 1.51515
380 -13.3922 -46.1175 1.39846
381 -13.2588 -44.5117 1.38785
382 -13.0899 -42.9671 1.36097
383 -12.8953 -41.4516 1.32854
384 -12.6476 -39.8649 1.30118
385 -12.3747 -38.0783 1.31727
386 -12.1131 -36.2265 1.31778
387 -11.8193 -34.39 1.2642
388 -11.4305 -32.486 1.277
389 -11.2254 -30.6145 1.31452
390 -10.9167 -28.787 1.24058
391 -10.4489 -26.6962 1.15873
392 -9.99613 -24.3858 1.19276
393 -9.38879 -22.1311 1.09191
394 -8.94497 -19.9943 1.17403
395 -8.32247 -18.9589 1.39219
396 -9.70807 -18.0537 2.96355
397 -10.9155 -19.2112 -1.60872
398 -10.193 -19.7209 0.241906
399 -9.17207 -19.4227 -0.172298
400 -8.02818 -19.9678 -0.638621
401 -6.78916 -20.8922 -0.48111
402 -5.43189 -21.8276 -0.581709
403 -4.08062 -22.7429 -0.526346
404 -3.03084 -23.3456 -0.564643
405 -2.00684 -24.1572 -0.635526
406 -1.23232 -24.1517 0.716635
407 -0.382187 -23.327 0.66425
408 0.503804 -22.565 0.606198
409 1.52542 -21.7965 0.556105
410 2.71898 -20.7249 0.642939
411 3.90844 -19.6443 0.65496
412 5.27038 -18.4581 0.591175
413 6.51469 -17.4427 0.585783
414 7.81072 -17.0156 -0.248969
415 9.00961 -18.05 -1.22278
416 9.37384 -19.9965 -1.42527
417 9.37801 -22.1865 -1.44572
418 9.57375 -24.2491 -1.48143
419 9.87698 -26.4025 -1.32618
420 10.2679 -28.4308 -1.41955
421 10.6341 -30.5728 -1.4241
422 10.7707 -32.6311 -1.42157
423 11.0256 -34.6863 -1.4795
424 11.1285 -36.7493 -1.63798
425 10.1806 -38.5613 -2.11525
426 8.94553 -40.4267 -2.21402
427 7.12004 -41.92 -3.01157
428 4.82909 -41.8663 3.08143
429 2.51326 -42.0421 -2.87718
430 0.197695 -42.5947 -2.92703
431 -2.26273 -43.0561 -2.97635
432 -3.97444 -43.9372 -2.002
433 -3.82671 -45.7998 -1.49693
434 -3.5596 -47.2817 -1.15652
435 -2.92385 -49.3743 -1.33103
436 -2.36206 -51.8955 -1.34341
437 -1.7584 -54.4099 -1.3579
438 -1.18105 -56.8006 -1.2688
439 -0.481987 -59.1494 -1.25129
440 0.278209 -61.6254 -1.29108
441 0.915361 -63.9967 -1.28895
442 1.59643 -66.4954 -1.32045
443 2.37252 -68.958 -1.22318
444 2.96214 -71.0976 -1.53629
445 3.28553 -72.6263 -1.26692
446 3.82766 -74.4707 -1.29245
447 4.46771 -76.9189 -1.3266
448 5.0234 -79.3206 -1.36669
449 5.57018 -81.8455 -1.35268
450 6.10262 -84.3689 -1.37301
451 6.56369 -86.918 -1.42985
452 7.16831 -89.4245 -1.2593
453 7.9334 -91.884 -1.28484
454 8.6525 -94.3812 -1.29928
455 9.28824 -96.7499 -1.32252
456 9.90318 -99.2629 -1.33766
457 10.4722 -101.782 -1.33412
458 11.0572 -104.286 -1.36013
459 11.4029 -105.974 -1.37343
460 11.7922 -107.691 -1.21104
461 12.4402 -109.453 -1.21664
462 13.0621 -111.727 -1.33209
463 13.6199 -114.12 -1.34889
464 15.3471 -115.417 0.0919523
465 17.9303 -115.253 -0.235808
466 18.9402 -117.407 -1.26199
467 19.7407 -119.866 -1.31926
468 20.1932 -122.263 -1.38139
469 20.5139 -124.142 -1.3951
470 20.582 -126.026 -1.92671
471 19.6921 -128.193 -1.73143
472 19.7186 -130.529 -1.40962
473 20.137 -132.732 -1.20288
474 21.9953 -133.53 0.187445
475 24.2955 -133.073 0.213688
476 26.7909 -132.502 0.266025
477 29.3568 -132.238 0.0972869
478 31.9456 -132.031 0.10947
479 34.3927 -131.737 0.150179
480 36.9583 -131.326 0.192633
481 39.4994 -130.84 0.153949
482 41.9327 -130.456 0.1358
483 44.5069 -130.095 0.168106
484 46.9517 -129.808 0.109592
485 49.5323 -129.491 0.151893
486 52.1051 -129.207 0.0270288
487 54.5679 -129.097 0.102771
488 57.0155 -128.842 0.129474
489 59.5199 -128.246 0.507534
490 61.4415 -126.559 0.999585
491 62.6542 -124.428 0.995734
492 64.1895 -122.367 0.940862
493 65.4265 -120.139 1.48287
494 65.3679 -118.378 2.0594
495 65.3617 -116.811 0.276833
496 65.6779 -118.354 -1.36362
497 65.2339 -116.903 1.94124
498 64.8458 -114.388 1.64349
499 64.618 -111.969 1.70929
500 64.2693 -109.556 1.75472
501 63.7166 -107.059 1.84361
502 63.0052 -104.6 1.89798
503 62.2076 -102.311 1.94471
504 61.4022 -100.225 1.77855
505 60.9741 -97.952 1.79224
506 60.4367 -95.5835 1.83001
507 59.7677 -93.1153 1.88089
508 59.2638 -90.6017 1.78429
509 58.7359 -88.2267 1.8236
510 58.0939 -85.7474 1.85652
511 57.6216 -83.3806 1.6519
512 57.4454 -80.819 1.66477
513 57.105 -78.2704 1.73889
514 56.6844 -75.8853 1.81882
515 55.5403 -73.6068 2.12229
516 54.4186 -71.4621 1.96067
517 53.7789 -69.0731 1.80296
518 53.2131 -66.6101 1.81543
519 52.5799 -64.1391 1.86229
520 51.9005 -61.8019 1.87666
521 51.2043 -59.5691 1.89384
522 50.3847 -57.1551 1.92458
523 49.5573 -54.7355 1.84827
524 48.9993 -52.3671 1.82911
525 48.3381 -49.8978 1.86723
526 47.5921 -47.4515 1.90337
527 46.7983 -45.1514 1.93636
528 45.9264 -42.7456 1.8945
529 45.236 -40.4188 1.88364
530 44.5148 -38.0809 1.88586
531 43.7574 -35.7757 1.92365
532 42.8795 -33.3646 1.96212
533 41.9756 -31.1171 1.97504
534 41.117 -28.8117 1.75088
535 41.9194 -26.5522 0.6528
536 44.165 -25.2831 0.502573
537 46.3636 -24.182 0.435981
538 48.6367 -23.3161 0.369583
539 50.9356 -22.8105 0.0945674
540 51.6768 -21.408 3.02151
541 50.0763 -22.7269 -2.45037
542 47.9999 -24.4954 -2.42639
543 45.8325 -25.8929 -2.68739
544 43.395 -27.0668 -2.51584
545 41.2636 -28.7627 -2.45204
546 39.2135 -30.329 -2.84215
547 36.6312 -30.7912 -2.54512
548 34.5615 -32.3576 -2.14156
549 35.4288 -32.4859 1.2347
550 37.0964 -31.0898 0.620108
551 39.1444 -29.7839 0.564637
552 41.1483 -28.655 0.507459
553 43.2287 -27.4084 0.566109
554 45.2444 -26.0679 0.794931
555 47.0302 -24.4493 0.680446
556 48.4377 -22.9853 0.832528
557 50.2909 -21.4425 0.664678
558 52.2645 -20.0319 0.62313
559 54.3017 -18.714 0.576574
560 56.1882 -17.4121 0.742047
561 58.0084 -15.8139 0.726266
562 59.7119 -14.2837 0.778055
563 61.475 -12.633 0.76084
564 63.2785 -11.0149 0.7393
565 65.0494 -9.51582 0.711339
566 66.9553 -7.97853 0.692216
567 68.755 -6.51543 0.700363
568 70.5936 -5.0343 0.694331
569 72.431 -3.48422 0.82343
570 74.1349 -1.73241 0.805478
571 75.9187 -0.0572264 0.770032
572 77.6039 1.52375 0.843667
573 79.0681 3.44886 0.743721
574 80.7715 5.11133 0.727087
575 82.5166 6.73989 0.704902
576 84.186 8.26219 0.778095
577 83.2703 10.3712 2.40385
578 81.1819 12.1633 2.21901
579 81.0003 14.4905 1.16462
580 82.5856 16.5328 0.974937
581 81.627 18.6178 2.30739
582 79.7201 20.3312 2.40183
583 78.2098 21.6986 2.43789
584 77.4961 23.0139 0.72327
585 78.652 22.0374 -1.08633
586 79.895 20.676 -0.631631
587 81.9262 19.0789 -0.707597
588 83.4786 17.223 -1.69862
589 82.4205 14.9594 -2.06682
590 82.4706 12.7352 -1.02932
591 83.9074 10.8759 -0.847679
592 85.5829 10.744 0.411134
593 87.0961 11.8931 0.789879
594 88.579 13.3407 0.784516
595 90.4516 15.1415 0.765844
596 92.3689 17.251 0.936833
597 94.2089 19.5902 0.925355
598 96.0764 21.9176 0.917714
599 97.8795 24.133 0.910613
600 99.7675 26.4287 0.906126
601 101.584 28.637 0.94934
602 103.198 30.9695 0.878307
603 105.419 32.9727 0.724175
604 107.614 34.9922 0.827064
605 109.588 37.0635 0.829026
606 111.227 39.224 1.03352
607 112.588 41.5821 1.03474
608 114 43.9221 0.99031
609 115.505 46.1772 0.82057
610 117.242 48.1025 0.80965
611 119.061 50.0984 0.801015
612 120.856 51.9941 0.778187
613 122.715 53.9102 0.765516
614 124.587 55.6912 0.765315
615 126.377 57.3773 0.791802
616 128.097 59.2783 0.954215
617 129.716 61.2345 0.39785
618 131.308 60.1172 -1.64252
619 132.667 58.3107 -0.733578
620 134.441 56.6273 -0.705577
621 136.719 55.4217 -0.4449
622 138.915 54.0593 -0.613446
623 140.874 52.5844 -0.670394
624 142.835 50.9216 -0.726711
625 144.712 49.1347 -0.788077
626 146.494 47.4506 -0.712837
627 148.39 45.7075 -0.769234
628 150.21 43.8659 -0.741134
629 152.244 42.2789 -0.644622
630 154.165 40.7519 -0.686725
631 156.107 39.0701 -0.736947
632 157.984 37.2824 -0.781541
633 159.677 35.5161 -0.823673
634 161.604 33.8034 -0.621857
635 163.581 32.3543 -0.637816
636 165.624 30.7687 -0.672034
637 167.614 29.1302 -0.700532
638 169.556 27.4175 -0.735641
639 171.425 25.6407 -0.770344
640 173.239 23.8019 -0.809342
641 174.985 22.0914 -0.71766
642 176.907 20.3586 -0.741237
643 178.782 18.5886 -0.769892
644 180.603 16.7654 -0.76695
645 182.457 15.1615 -0.705807
646 184.4 13.4605 -0.725653
647 186.311 11.7135 -0.742314
648 188.185 9.93556 -0.768346
649 190.034 8.33518 -0.638675
650 192.08 6.76288 -0.656533
651 193.846 4.93355 -0.959666
652 195.316 2.78206 -0.930353
653 196.93 0.939088 -0.829168
654 198.645 -0.811024 -0.764013
655 200.495 -2.60229 -0.778462
656 202.334 -4.43472 -0.789899
657 203.921 -5.03622 -0.0342015
658 205.734 -5.08625 0.0422335
659 207.735 -5.03817 -0.00356125
660 210.322 -4.97317 0.116025
661 212.784 -4.33538 0.559056
662 214.744 -2.66074 0.728078
663 216.572 -0.985298 0.777575
664 218.209 0.676796 0.828232
665 219.934 2.58692 0.882961
666 221.664 4.32135 0.805382
667 223.43 6.20741 0.836567
668 225.291 7.77204 0.569871
669 227.147 9.19896 0.706443
670 228.736 10.5282 0.753403
671 230.207 11.9699 0.888108
672 231.587 13.6347 0.809025
673 232.845 14.9964 0.854291
674 234.374 16.5549 0.671125
675 236.317 18.1031 0.698563
676 238.194 19.6785 0.711921
677 240.138 21.3722 0.73933
678 242.053 23.0959 0.750486
679 243.149 24.4895 1.44571
680 242.566 26.1983 2.35791
681 240.753 27.9546 2.4115
682 238.7 29.2121 2.46025
683 237.03 30.5828 2.48833
684 235.746 31.5749 2.39165
685 234.432 33.7288 2.39655
686 232.481 35.3785 2.48207
687 230.549 36.867 2.51562
688 228.484 38.3865 2.48377
689 226.54 39.8406 2.54108
690 224.587 41.5056 2.4044
691 222.766 43.1236 2.44503
692 220.888 44.8595 2.25184
693 219.345 46.7435 2.30425
694 217.536 48.5628 2.38471
695 215.854 50.4871 2.28925
696 213.985 52.0316 2.59424
697 211.907 53.2868 2.62103
698 210.476 55.1019 2.11293
699 209.262 56.2939 2.42565
700 208.22 57.5892 2.57083
701 206.625 58.0499 3.05275
702 205.16 57.7625 -2.72296
703 203.431 57.9074 2.57164
704 203.338 60.041 1.62685
705 202.587 62.4096 2.3215
706 200.814 64.0591 2.43229
707 198.933 65.6052 2.48863
708 196.894 67.1585 2.45409
709 195.125 68.888 2.38251
710 193.283 70.6181 2.39274
711 191.579 72.5277 2.38898
712 189.801 74.3535 2.19223
713 188.147 76.1318 2.40442
714 186.274 77.8776 2.3925
715 184.348 79.5823 2.5654
716 182.199 80.962 2.60056
717 180.114 82.2221 2.54107
718 178.089 83.7922 2.49952
719 176.271 85.5968 2.30646
720 174.649 87.4068 2.32035
721 172.771 89.1422 2.56429
722 171.071 90.8626 2.33162
723 169.199 92.1525 2.56818
724 167.745 93.3188 2.40928
725 166.111 94.7301 2.77562
726 164.51 94.1148 -2.30484
727 162.913 92.3194 -2.2756
728 161.321 90.4784 -2.34495
729 159.553 88.6259 -2.30781
730 157.833 86.7055 -2.3639
731 155.943 84.9775 -2.46513
732 153.815 83.5496 -2.52624
733 151.85 82.1073 -2.47248
734 149.873 80.4783 -2.40989
735 147.988 78.7276 -2.36042
736 146.286 76.9801 -2.3114
737 144.551 75.092 -2.35863
738 142.852 73.3494 -2.3151
739 141.006 71.5669 -2.40973
740 139.116 69.8252 -2.36755
741 137.373 68.1267 -2.3359
742 135.293 66.6237 -2.51977
743 133.239 65.089 -2.46579
744 131.322 63.4036 -2.09762
745 130.439 61.0094 -1.62659
746 131.203 59.2419 -0.650291
747 132.099 59.8959 2.5824
748 130.494 60.2007 2.46545
749 129.011 60.8154 -2.7028
750 127.65 59.5086 -2.31686
751 126.228 57.5367 -2.08035
752 125.013 55.2768 -2.03248
753 123.791 53.0236 -2.28406
754 122.185 51.3651 -2.28699
755 120.49 49.62 -2.36808
756 118.693 47.9598 -2.34124
757 116.968 46.2399 -2.29217
758 115.426 44.5309 -2.23924
759 113.979 42.7498 -2.19981
760 112.517 40.8027 -2.1449
761 111.007 38.908 -2.2952
762 109.34 37.3094 -2.32879
763 107.883 35.7142 -2.29986
764 106.532 34.1489 -2.28222
765 105.179 32.5046 -2.25427
766 103.938 30.8997 -2.23787
767 102.611 29.1837 -2.26374
768 101.3 27.629 -2.32047
769 99.8619 26.0205 -2.29329
770 98.4766 24.3598 -2.2714
771 97.2585 22.8421 -2.2629
772 95.9063 21.1626 -2.32071
773 94.4545 19.5572 -2.31421
774 93.0195 17.9409 -2.31043
775 91.6698 16.424 -2.31646
776 90.1847 14.8623 -2.33374
777 88.5275 13.1028 -2.30777
778 86.8179 11.2077 -2.28673
779 85.1507 9.28669 -2.27622
780 83.4678 7.55339 -2.3467
781 81.673 5.75944 -2.34854
782 79.9559 3.99756 -2.32355
783 78.1788 2.23037 -2.39647
784 76.313 0.495896 -2.38648
785 74.5662 -1.16682 -2.36767
786 72.8357 -2.8549 -2.36328
787 71.0315 -4.64997 -2.34786
788 69.2456 -6.46212 -2.33964
789 67.4699 -8.29035 -2.33717
790 65.7129 -10.1307 -2.32274
791 63.9324 -11.7609 -2.41877
792 61.9919 -13.4474 -2.42093
793 60.0448 -15.1283 -2.42699
794 58.1906 -16.725 -2.42186
795 56.2476 -18.4074 -2.4184
796 54.3933 -20.0017 -2.42631
797 52.4336 -21.6766 -2.4284
798 50.486 -23.3535 -2.38214
799 48.7804 -25.1031 -2.38272
800 46.8955 -26.8526 -2.38594
801 45.0859 -28.4839 -2.44615
802 43.0983 -30.13 -2.44
803 41.4704 -31.4898 -2.44578
804 39.9675 -32.7397 -2.44474
805 37.9759 -34.3732 -2.44957
806 36.0503 -35.9489 -2.44897
807 34.0911 -37.5526 -2.45241
