0 0 0 0
1 2.03934 0.003006 0.014452
2 4.26624 0.0584 0.041251
3 6.42092 0.110999 -0.016416
4 8.61764 0.065106 -0.013665
5 10.9221 -0.26976 -0.401822
6 12.8107 -1.37354 -1.05006
7 12.8126 -3.26612 -1.71873
8 12.4914 -5.03467 -1.77427
9 12.2035 -7.05249 -1.63581
10 11.9814 -9.30669 -1.70103
11 11.6094 -11.6864 -1.70958
12 11.4691 -14.0825 -1.64157
13 11.216 -16.6031 -1.69095
14 10.8406 -19.0227 -1.75573
15 10.5378 -21.4501 -1.69397
16 10.2001 -24.001 -1.7217
17 9.75986 -26.4073 -1.78363
18 9.1865 -28.7721 -1.82867
19 8.60021 -31.1493 -1.82325
20 8.20249 -33.6872 -1.62195
21 7.97379 -36.2495 -1.72069
22 7.39067 -38.747 -1.84503
23 6.67069 -41.0881 -1.88219
24 6.00831 -43.5709 -1.76943
25 5.47215 -45.9666 -1.80248
26 4.84232 -48.3234 -1.8356
27 3.07009 -49.4927 3.05071
28 0.726346 -48.8282 2.86967
29 -1.74878 -48.1071 2.8554
30 -3.96824 -47.4184 2.88029
31 -6.07708 -47.9625 -1.94296
32 -6.70795 -50.4542 -1.75527
33 -7.57038 -52.7242 -2.00038
34 -8.24737 -55.1845 -1.53762
35 -8.79275 -57.6875 -1.83109
36 -9.08713 -60.1911 -1.17815
37 -7.12205 -61.4669 -0.029673
38 -4.5549 -61.5923 -0.246036
39 -2.06036 -62.2333 -0.264317
40 0.308103 -62.8425 -0.266939
41 2.775 -63.5573 -0.282277
42 5.12237 -64.2307 -0.302057
43 7.58211 -64.9751 -0.263903
44 10.061 -65.6987 -0.272616
45 11.7767 -64.6576 1.28081
46 12.502 -62.1936 1.31828
47 13.1852 -59.7106 1.29218
48 13.8961 -57.3714 1.25815
49 14.6993 -54.9246 1.26858
50 14.1828 -52.9546 2.45104
51 12.0455 -52.3128 2.94032
52 9.71039 -51.7244 2.85436
53 7.5636 -50.9903 2.77257
54 5.77944 -50.0518 1.2953
55 4.70007 -50.1641 -2.90716
56 2.85148 -49.5997 2.72479
57 0.853902 -48.6178 2.64767
58 -1.13496 -47.6089 2.66041
59 -3.20468 -46.7603 2.74554
60 -5.33586 -45.7894 2.75784
61 -7.31173 -44.842 2.48931
62 -8.42356 -43.3762 1.86288
63 -9.22469 -41.5901 2.06659
64 -10.4256 -40.1391 2.3272
65 -11.9302 -38.4762 2.30713
66 -13.5374 -36.9372 2.37364
67 -15.1373 -35.3056 2.33732
68 -16.3895 -33.8936 2.22649
69 -16.1102 -32.1729 0.767771
70 -14.4694 -30.6871 0.70303
71 -12.6629 -29.1881 0.718024
72 -11.006 -27.8173 0.666585
73 -9.41246 -26.5162 0.718751
74 -8.84125 -24.7658 2.00642
75 -10.1295 -23.0467 2.31704
76 -11.6853 -21.2923 2.28099
77 -13.1475 -19.5506 2.30256
78 -14.6807 -17.865 2.31557
79 -16.2676 -16.0674 2.27896
80 -17.7938 -14.2007 2.24151
81 -19.1691 -12.381 2.20468
82 -20.6111 -10.4667 2.22597
83 -21.9638 -8.62917 2.1949
84 -23.3116 -6.50476 1.99693
85 -24.583 -4.47958 2.26937
86 -26.0989 -2.61557 2.251
87 -27.5769 -0.727038 2.23275
88 -29.0656 1.30509 2.19576
89 -30.3492 3.34197 2.104
90 -31.5828 5.39961 2.2206
91 -33.007 7.32829 2.20634
92 -34.2548 9.23924 2.1265
93 -35.4434 11.3279 2.10092
94 -36.6324 13.2645 2.21676
95 -38.0568 15.2079 2.20503
96 -39.343 17.2331 2.10493
97 -40.6016 19.4165 2.09121
98 -42.2801 20.5592 -2.61791
99 -44.3475 19.3505 -2.58766
100 -46.3799 18.0603 -2.56781
101 -48.3817 16.732 -2.52834
102 -50.2829 15.472 -2.54214
103 -52.3297 14.2402 -2.6352
104 -54.42 13.0422 -2.5873
105 -55.1876 11.0667 -1.25975
106 -54.2003 8.7553 -1.12246
107 -52.9245 6.72328 -0.983682
108 -51.5657 4.60238 -1.00763
109 -50.3641 2.52651 -1.09006
110 -49.3748 0.426588 -1.13592
111 -48.396 -1.72461 -1.13196
112 -47.3285 -4.00818 -1.12215
113 -46.2674 -6.16402 -1.10538
114 -45.2862 -8.2135 -1.1496
115 -44.297 -10.4054 -1.12755
116 -43.3779 -12.629 -1.18107
117 -42.4781 -14.8464 -1.17414
118 -41.5405 -17.0662 -1.14858
119 -40.7936 -19.4721 -1.27026
120 -40.0487 -21.7547 -1.2014
121 -39.1383 -23.9773 -1.15362
122 -38.246 -26.0747 -1.1564
123 -37.3855 -28.3116 -1.20375
124 -36.6184 -30.4583 -1.2367
125 -35.8007 -32.7149 -1.20494
126 -34.9077 -34.9517 -1.17873
127 -34.2217 -37.1239 -1.27563
128 -33.3746 -39.2128 -0.653414
129 -31.1534 -38.7467 0.411061
130 -28.8846 -37.9655 0.283625
131 -26.5545 -37.3813 0.211785
132 -24.3281 -36.8792 0.229824
133 -22.216 -36.4367 0.200826
134 -19.7581 -35.8796 0.282164
135 -17.9266 -34.5366 1.53036
136 -18.3883 -32.1895 1.8468
137 -19.0294 -29.7112 1.81131
138 -19.58 -27.1914 1.76548
139 -20.0155 -24.6604 1.72018
140 -20.5044 -22.1288 1.74807
141 -20.9304 -19.7235 1.74881
142 -21.4204 -17.1983 1.74845
143 -21.8351 -14.787 1.7391
144 -22.1985 -12.3727 1.70829
145 -22.6929 -9.84935 1.74618
146 -23.0845 -7.30644 1.71129
147 -23.3996 -4.88541 1.72186
148 -23.7527 -2.3367 1.69734
149 -24.2209 0.18161 1.8298
150 -24.6742 2.72422 1.73042
151 -24.9986 5.28023 1.67666
152 -25.214 7.70698 1.64988
153 -25.4015 10.2737 1.67321
154 -25.7943 12.7248 1.71405
155 -26.1105 15.2416 1.68884
156 -26.3515 17.7982 1.63815
157 -26.4926 20.2403 1.6285
158 -26.5965 22.6771 1.60648
159 -26.651 25.255 1.58545
160 -26.7825 27.8204 1.67016
161 -26.9876 30.2554 1.6508
162 -27.161 32.8266 1.63373
163 -27.2783 35.3922 1.60795
164 -27.3498 37.9724 1.60392
165 -27.3955 40.5482 1.58318
166 -27.3992 42.9823 1.56119
167 -27.3894 45.5599 1.58494
168 -27.3904 48.0027 1.57089
169 -27.3519 50.5803 1.54794
170 -27.2679 53.1469 1.53376
171 -27.2863 55.5877 1.66005
172 -27.5476 58.1455 1.60568
173 -27.4724 60.6297 1.52712
174 -27.324 63.1587 1.5101
175 -27.0559 65.5885 1.36129
176 -26.8909 68.152 1.53415
177 -26.7765 70.5884 1.52587
178 -26.6142 73.1618 1.50317
179 -27.8725 74.8689 3.13518
180 -30.4421 74.853 -3.10919
181 -33.0039 74.9706 3.02614
182 -35.4396 75.224 3.06443
183 -38.0111 75.3717 -3.11262
184 -40.5612 75.6973 2.99007
185 -42.9682 75.8068 -2.59622
186 -43.3435 73.3371 -1.62488
187 -43.508 70.8974 -1.64871
188 -43.7465 68.4473 -1.67563
189 -44.3691 65.9595 -1.92479
190 -44.8447 63.5599 -1.73002
191 -45.1707 61.1485 -1.69822
192 -45.5413 58.5933 -1.72426
193 -45.9575 56.1908 -1.74973
194 -46.464 53.6674 -1.78001
195 -47.0353 51.1573 -1.8056
196 -47.6312 48.6519 -1.81528
197 -48.1468 46.1341 -1.76947
198 -48.674 43.771 -1.80745
199 -49.2947 41.4411 -1.84301
200 -49.9698 39.1386 -1.80044
201 -50.5794 36.6927 -1.82568
202 -51.2395 34.3893 -1.87038
203 -51.927 32.2109 -1.87197
204 -52.5664 29.8945 -1.85064
205 -53.2759 27.6044 -1.88947
206 -54.0408 25.3282 -1.74883
207 -53.4052 23.127 -0.666919
208 -51.1609 22.4665 -0.03455
209 -48.8962 22.0065 -0.289216
210 -46.6465 21.2837 -0.294029
211 -44.3766 20.5137 -0.362539
212 -42.928 19.9173 -0.409503
213 -41.4775 19.2622 -0.355898
214 -39.8035 18.7465 -0.218571
215 -38.3242 19.6319 1.0559
216 -37.2529 21.9407 1.22357
217 -36.3531 24.3533 1.21276
218 -35.4935 26.6387 1.22657
219 -34.6741 29.0798 1.3762
220 -33.471 31.1741 1.05032
221 -32.1547 33.3869 1.04876
222 -30.893 35.6292 1.12264
223 -29.8337 37.8323 1.12801
224 -28.7207 40.1508 1.07269
225 -27.4777 42.4092 1.07405
226 -26.2288 44.6469 1.05802
227 -25.0227 46.7737 1.01794
228 -23.0983 48.4064 0.305922
229 -20.6231 48.0499 -0.450294
230 -18.7247 47.0663 -0.497322
231 -17.0018 46.0743 -0.481113
232 -15.4128 45.1409 -0.565286
233 -13.7985 44.1525 -0.537738
234 -12.1852 43.1634 -0.50575
235 -10.4793 42.1642 -0.550424
236 -8.90589 41.1286 -0.637691
237 -8.41344 39.3044 -1.65427
238 -7.54323 37.6942 -0.849689
239 -6.21439 36.0989 -0.89021
240 -5.0816 34.5328 -0.965705
241 -3.71182 32.5181 -0.922517
242 -2.18756 30.4525 -0.952616
243 -0.784739 28.4468 -0.94335
244 0.685272 26.3457 -0.964027
245 2.09814 24.1841 -1.0109
246 3.35246 22.0928 -1.04764
247 4.53811 19.9638 -1.34127
248 2.90739 18.1243 -2.50106
249 1.72544 16.3113 -0.855246
250 3.25544 14.2536 -1.08194
251 4.88457 12.6799 0.553239
252 6.23423 14.1924 -0.744415
253 4.92181 12.3328 -2.52752
254 2.74965 10.9399 -2.61219
255 0.476191 9.74318 -2.69814
256 -1.85594 8.66366 -2.66711
257 -4.04081 7.56308 -2.69131
258 -6.35598 6.45706 -2.64398
259 -8.6716 5.32447 -2.72818
260 -10.951 4.4383 -2.80615
261 -13.3889 3.63279 -2.60314
262 -15.5694 2.53169 -2.70118
263 -17.9363 1.52676 -2.77181
264 -20.3629 0.656481 -2.8243
265 -22.7583 0.214852 -3.01623
266 -25.1869 -0.079342 -2.98633
267 -27.6995 -0.590824 -2.91372
268 -30.2184 -1.10817 -2.96393
269 -32.7687 -1.48017 -3.02468
270 -35.3034 -1.90018 -2.98947
271 -37.7105 -2.32518 -2.96883
272 -39.997 -2.70459 -2.92153
273 -42.5205 -3.20342 -2.96139
274 -44.9393 -3.58267 -3.00222
275 -47.4715 -4.0229 -2.97716
276 -49.889 -4.3654 -3.02378
277 -52.4443 -4.62526 -3.05561
278 -55.0168 -4.83324 -3.1152
279 -57.4523 -5.05762 -3.03925
280 -60.0102 -5.26412 -3.07455
281 -62.4508 -5.37503 -3.11099
282 -64.409 -5.33666 -2.94364
283 -66.2843 -5.76227 -3.01691
284 -68.0216 -5.93948 -3.00159
285 -69.6202 -6.18514 -2.94751
286 -71.5584 -6.52194 -3.03925
287 -73.7864 -6.55052 -3.12622
288 -76.1205 -6.59322 -3.04706
289 -78.3548 -6.78022 -3.06226
290 -80.5746 -6.94487 -3.02435
291 -82.9033 -7.17781 -2.9968
292 -84.7596 -7.39092 -3.0464
293 -86.4391 -7.45022 3.10598
294 -87.4312 -6.36203 1.67805
295 -87.5681 -4.34785 1.60091
296 -87.5717 -2.29103 1.54186
297 -87.4899 -0.232933 1.60614
298 -87.6031 1.82547 1.79376
299 -88.3121 3.75659 2.00712
300 -89.7003 5.07476 2.61646
301 -91.5796 5.78001 -2.90855
302 -93.5108 5.07845 -2.98487
303 -95.5683 5.00607 3.13422
304 -97.9139 5.04818 3.1306
305 -100.143 5.08498 3.13009
306 -102.486 5.13454 3.11415
307 -104.477 5.53266 2.0578
308 -104.735 7.55333 1.45348
309 -104.518 9.18174 1.41718
310 -104.211 10.8116 1.3335
311 -103.889 12.6751 1.45618
312 -103.725 14.5554 1.50992
313 -103.545 16.6554 1.533
314 -103.403 18.8131 1.47358
315 -103.153 20.8531 1.42933
316 -102.894 22.8981 1.45121
317 -102.627 24.9397 1.4545
318 -102.335 26.9835 1.40148
319 -101.945 29.0048 1.35986
320 -101.436 31.2537 1.3557
321 -100.877 33.5188 1.31573
322 -100.31 35.6864 1.29463
323 -99.6981 37.8248 1.27806
324 -99.1846 39.9966 1.41842
325 -98.8047 42.1198 1.38051
326 -98.4628 43.7442 1.35677
327 -98.0097 45.6744 1.37136
328 -97.655 47.5347 1.37587
329 -97.2452 49.3786 1.33737
330 -96.7495 51.2975 1.30739
331 -96.2833 53.1237 1.38429
332 -95.0482 53.9608 -0.068138
333 -93.1766 53.7216 -0.261444
334 -91.3656 53.1878 -0.259999
335 -89.552 52.6476 -0.316515
336 -87.7789 52.006 -0.376673
337 -85.9053 51.3664 -0.33827
338 -84.1175 50.7764 -0.326153
339 -82.4785 50.1749 -0.379227
340 -82.4194 48.8538 -2.27841
341 -81.7348 48.4974 1.61715
342 -81.7877 50.1728 2.34334
343 -83.427 50.6085 2.85578
344 -85.0247 51.2358 2.77208
345 -85.3165 52.5855 0.940336
346 -84.8839 54.2362 1.36087
347 -84.4432 55.9753 1.28935
348 -83.9265 57.7058 1.28307
349 -83.3249 59.3964 1.08713
350 -82.58 60.9431 1.19103
351 -81.9049 62.6082 1.22228
352 -81.539 64.2365 2.14066
353 -83.0463 65.1999 2.66599
354 -84.6282 65.8599 2.78198
355 -86.2942 66.5502 2.69852
356 -87.8641 67.2414 2.81516
357 -89.4955 67.7632 2.88577
358 -91.2157 68.2876 2.75855
359 -92.8067 68.9146 2.78678
360 -94.502 69.5288 2.81803
361 -96.1646 70.2134 2.74675
362 -97.7496 70.8712 2.76501
363 -99.3447 71.4927 2.79825
364 -101.05 71.8248 -2.39324
365 -101.643 70.2284 -1.95082
366 -102.361 68.6755 -2.03322
367 -103.144 67.1461 -2.04942
368 -103.949 65.6326 -2.06895
369 -104.785 64.0384 -1.9864
370 -105.49 62.4766 -1.99261
371 -106.224 60.8344 -1.95279
372 -105.182 59.7422 -0.480744
373 -103.681 58.9002 -0.523078
374 -102.123 58.0025 -0.546954
375 -100.645 57.1263 -0.521722
376 -99.0873 56.2294 -0.392893
377 -97.4433 55.5031 -0.592522
378 -97.8401 53.9357 -2.01538
379 -98.6604 52.3367 -1.87508
380 -99.3278 50.7306 -2.01627
381 -100.118 49.1457 -2.04289
382 -100.948 47.633 -2.08242
383 -101.815 46.1607 -2.12388
384 -102.791 44.6477 -2.15632
385 -103.897 42.9785 -2.14105
386 -105.022 41.2528 -2.13715
387 -106.171 39.5451 -2.18258
388 -107.446 37.799 -2.15749
389 -108.474 36.0167 -2.10229
390 -109.571 34.2774 -2.15414
391 -110.922 32.3303 -2.20864
392 -112.294 30.158 -2.14073
393 -113.743 28.0219 -2.20249
394 -114.881 25.9053 -2.06983
395 -115.922 24.7374 -1.78282
396 -114.906 23.9631 0.173936
397 -114.391 25.1133 2.29143
398 -115.645 24.8428 -1.70409
399 -115.815 23.2736 -2.04497
400 -116.893 21.9402 -2.43556
401 -118.253 20.5582 -2.22427
402 -119.554 18.969 -2.28643
403 -120.772 17.3338 -2.19339
404 -121.623 15.9337 -2.20138
405 -122.649 14.5909 -2.24232
406 -122.667 13.3012 -0.715201
407 -121.458 12.2203 -0.737288
408 -120.277 11.111 -0.763282
409 -119.041 9.87937 -0.780398
410 -117.446 8.59032 -0.650218
411 -115.788 7.37929 -0.598348
412 -113.944 6.07822 -0.622018
413 -112.239 4.9152 -0.584109
414 -111.034 3.47514 -1.29902
415 -111.221 1.53079 -2.14356
416 -112.403 -0.144646 -2.30124
417 -113.879 -1.72819 -2.29278
418 -115.296 -3.22662 -2.34067
419 -116.73 -4.8471 -2.1996
420 -118.034 -6.43412 -2.30607
421 -119.462 -8.05624 -2.32145
422 -120.986 -9.43304 -2.32939
423 -122.449 -10.8844 -2.39888
424 -124.027 -12.2035 -2.57098
425 -126.052 -12.5106 -3.07004
426 -128.294 -12.5677 3.1027
427 -130.569 -11.8985 2.2742
428 -131.774 -9.92331 2.07071
429 -133.162 -8.03387 2.37972
430 -134.842 -6.31951 2.31981
431 -136.499 -4.41635 2.2606
432 -138.129 -3.36122 -3.08092
433 -139.697 -4.35897 -2.59461
434 -140.889 -5.26094 -2.26889
435 -142.48 -6.74032 -2.45488
436 -144.51 -8.31734 -2.47553
437 -146.529 -9.91243 -2.49808
438 -148.459 -11.4168 -2.41773
439 -150.313 -12.9977 -2.40766
440 -152.272 -14.6708 -2.4552
441 -154.196 -16.1756 -2.46
442 -156.23 -17.7559 -2.49866
443 -158.207 -19.3954 -2.409
444 -159.964 -20.7289 -2.73303
445 -161.262 -21.5773 -2.47331
446 -162.785 -22.7267 -2.50515
447 -164.851 -24.1654 -2.54547
448 -166.911 -25.4968 -2.59156
449 -169.098 -26.8483 -2.58289
450 -171.296 -28.1741 -2.60851
451 -173.549 -29.4294 -2.67075
452 -175.721 -30.7942 -2.50638
453 -177.806 -32.2825 -2.53652
454 -179.948 -33.7293 -2.55525
455 -181.999 -35.0492 -2.58261
456 -184.201 -36.3839 -2.60158
457 -186.427 -37.6683 -2.60149
458 -188.638 -38.9557 -2.63091
459 -190.141 -39.7735 -2.64738
460 -191.661 -40.6358 -2.4889
461 -193.154 -41.7505 -2.49731
462 -195.149 -42.9797 -2.61597
463 -197.283 -44.1743 -2.6352
464 -198.038 -46.1737 -1.20775
465 -197.188 -48.5958 -1.53973
466 -198.994 -50.1194 -2.57503
467 -201.163 -51.501 -2.63453
468 -203.363 -52.5274 -2.69867
469 -205.094 -53.297 -2.71401
470 -206.896 -53.8219 3.03425
471 -209.215 -53.4781 -3.05531
472 -211.469 -54.0597 -2.73512
473 -213.499 -54.9854 -2.52944
474 -213.821 -56.9583 -1.14318
475 -212.831 -59.0622 -1.11782
476 -211.686 -61.3293 -1.06657
477 -210.825 -63.738 -1.23681
478 -210.016 -66.1833 -1.22586
479 -209.16 -68.4721 -1.18658
480 -208.166 -70.8501 -1.1457
481 -207.107 -73.1886 -1.18611
482 -206.178 -75.4477 -1.20604
483 -205.243 -77.8504 -1.17569
484 -204.414 -80.1456 -1.2364
485 -203.529 -82.5681 -1.19635
486 -202.684 -84.9921 -1.324
487 -202.04 -87.3493 -1.2509
488 -201.264 -89.662 -1.22671
489 -200.149 -91.9602 -0.853457
490 -198.099 -93.4695 -0.367548
491 -195.765 -94.2101 -0.374477
492 -193.439 -95.2861 -0.433039
493 -191.011 -96.0462 0.100602
494 -189.285 -95.6492 0.667979
495 -187.738 -95.356 -1.14533
496 -189.207 -95.8879 -2.8124
497 -187.811 -95.2605 0.429247
498 -185.315 -94.708 0.124515
499 -182.903 -94.3398 0.185428
500 -180.501 -93.8625 0.225919
501 -178.021 -93.188 0.309187
502 -175.581 -92.3698 0.358052
503 -173.308 -91.4854 0.399136
504 -171.233 -90.6123 0.225557
505 -168.959 -90.1294 0.23356
506 -166.588 -89.5475 0.265139
507 -164.114 -88.8466 0.309443
508 -161.591 -88.3272 0.20521
509 -159.203 -87.8033 0.237606
510 -156.705 -87.1819 0.263475
511 -154.318 -86.7472 0.048642
512 -151.743 -86.6379 0.054259
513 -149.174 -86.3824 0.119967
514 -146.761 -86.0621 0.191149
515 -144.411 -85.0316 0.481605
516 -142.181 -84.0457 0.308998
517 -139.738 -83.5856 0.140078
518 -137.222 -83.2328 0.144055
519 -134.69 -82.8347 0.181607
520 -132.281 -82.4007 0.187021
521 -129.969 -81.9601 0.195006
522 -127.459 -81.4393 0.216088
523 -124.937 -80.9357 0.128574
524 -122.5 -80.7209 0.099155
525 -119.945 -80.4438 0.126807
526 -117.396 -80.1059 0.152299
527 -114.978 -79.7229 0.1745
528 -112.438 -79.3082 0.120949
529 -110.007 -79.0866 0.098868
530 -107.556 -78.8643 0.089951
531 -105.127 -78.627 0.116008
532 -102.564 -78.3242 0.142513
533 -100.149 -77.9879 0.14385
534 -97.6861 -77.7379 -0.098426
535 -95.7255 -79.1184 -1.25215
536 -95.253 -81.6384 -1.41898
537 -94.9651 -84.064 -1.50005
538 -94.9029 -86.628 -1.5754
539 -95.2183 -89.0801 -1.86515
540 -94.1066 -90.4227 0.935852
541 -94.4238 -88.5271 1.72062
542 -94.8162 -85.9824 1.7365
543 -94.8344 -83.5493 1.46388
544 -94.4913 -81.0036 1.62698
545 -94.7225 -78.4414 1.6844
546 -94.8776 -76.0166 1.28418
547 -93.808 -73.7422 1.57477
548 -93.9119 -71.2988 1.97187
549 -94.5452 -72.0066 -0.995789
550 -94.4331 -74.3317 -1.62162
551 -94.6539 -76.8978 -1.68261
552 -95.0059 -79.3157 -1.74612
553 -95.3247 -81.8662 -1.69442
554 -95.546 -84.4252 -1.47585
555 -95.4271 -86.9869 -1.59953
556 -95.2045 -89.1626 -1.45722
557 -95.2372 -91.7265 -1.6361
558 -95.4796 -94.2904 -1.68704
559 -95.859 -96.8357 -1.74379
560 -96.1763 -99.2558 -1.5912
561 -96.2564 -101.831 -1.61762
562 -96.3331 -104.273 -1.57715
563 -96.3911 -106.843 -1.60579
564 -96.5308 -109.416 -1.63928
565 -96.7559 -111.85 -1.68095
566 -97.0848 -114.402 -1.71414
567 -97.4238 -116.821 -1.71985
568 -97.8126 -119.275 -1.7407
569 -98.1902 -121.775 -1.62978
570 -98.3778 -124.341 -1.66389
571 -98.7184 -126.892 -1.71658
572 -99.0851 -129.302 -1.66075
573 -99.2582 -131.874 -1.77735
574 -99.8275 -134.374 -1.80632
575 -100.483 -136.863 -1.83916
576 -101.153 -139.218 -1.7755
577 -99.3558 -140.522 -0.190703
578 -96.8313 -141.056 -0.381395
579 -95.5976 -143.04 -1.44269
580 -95.9092 -145.58 -1.63682
581 -94.0188 -146.88 -0.322668
582 -91.5018 -147.423 -0.232658
583 -89.5037 -147.875 -0.200838
584 -88.2391 -148.679 -1.94692
585 -89.6992 -148.33 2.49444
586 -91.3915 -147.619 2.94127
587 -93.8872 -147.002 2.86127
588 -96.0547 -145.943 1.85761
589 -95.9843 -143.422 1.48385
590 -96.9066 -141.384 2.51037
591 -98.9378 -140.215 2.68872
592 -100.512 -140.725 -2.34709
593 -101.469 -142.333 -1.97271
594 -102.296 -144.203 -1.98051
595 -103.357 -146.543 -2.0018
596 -104.192 -148.835 -1.82766
597 -104.868 -151.314 -1.83794
598 -105.57 -153.793 -1.84548
599 -106.258 -156.143 -1.85349
600 -106.991 -158.6 -1.85989
601 -107.7 -160.946 -1.81977
602 -108.195 -163.332 -1.8957
603 -109.351 -165.633 -2.05578
604 -110.491 -167.933 -1.95852
605 -111.43 -170.194 -1.96184
606 -112.245 -172.628 -1.7647
607 -112.753 -175.145 -1.7678
608 -113.327 -177.66 -1.81599
609 -114.023 -180.125 -1.98913
610 -115.045 -182.359 -2.00139
611 -116.13 -184.683 -2.01013
612 -117.22 -186.907 -2.03182
613 -118.365 -189.172 -2.0421
614 -119.541 -191.465 -2.04705
615 -120.682 -193.636 -2.02557
616 -121.699 -195.984 -1.86969
617 -122.618 -198.345 -2.43836
618 -124.462 -197.759 1.75718
619 -126.229 -196.361 2.64865
620 -128.343 -195.15 2.67161
621 -130.83 -194.509 2.92478
622 -133.267 -193.679 2.74969
623 -135.492 -192.671 2.68746
624 -137.755 -191.469 2.62594
625 -139.954 -190.116 2.5594
626 -142.034 -188.833 2.6295
627 -144.23 -187.503 2.56813
628 -146.364 -186.052 2.59167
629 -148.652 -184.881 2.68307
630 -150.813 -183.737 2.63633
631 -153.016 -182.435 2.58147
632 -155.169 -181.006 2.53236
633 -157.131 -179.558 2.48581
634 -159.307 -178.193 2.68195
635 -161.483 -177.083 2.66192
636 -163.739 -175.84 2.62354
637 -165.947 -174.528 2.59099
638 -168.113 -173.125 2.55185
639 -170.212 -171.641 2.5132
640 -172.258 -170.079 2.47029
641 -174.213 -168.626 2.5578
642 -176.34 -167.167 2.53057
643 -178.419 -165.657 2.49831
644 -180.446 -164.08 2.49792
645 -182.474 -162.719 2.55542
646 -184.597 -161.263 2.53222
647 -186.687 -159.751 2.51231
648 -188.741 -158.198 2.48303
649 -190.745 -156.812 2.60889
650 -192.936 -155.466 2.58796
651 -194.871 -153.83 2.27991
652 -196.535 -151.835 2.30629
653 -198.307 -150.155 2.40421
654 -200.167 -148.572 2.46638
655 -202.159 -146.954 2.44927
656 -204.139 -145.289 2.43525
657 -205.761 -144.824 -3.09984
658 -207.562 -144.912 -3.02629
659 -209.544 -145.105 -3.07485
660 -212.109 -145.352 -2.95843
661 -214.513 -146.154 -2.52074
662 -216.356 -147.946 -2.35536
663 -218.076 -149.724 -2.30889
664 -219.61 -151.472 -2.26137
665 -221.225 -153.469 -2.20992
666 -222.86 -155.285 -2.29106
667 -224.531 -157.249 -2.26321
668 -226.316 -158.889 -2.53514
669 -228.11 -160.382 -2.40283
670 -229.648 -161.76 -2.35956
671 -231.07 -163.241 -2.22928
672 -232.403 -164.938 -2.31254
673 -233.627 -166.322 -2.27121
674 -235.123 -167.904 -2.45962
675 -237.04 -169.473 -2.43616
676 -238.897 -171.06 -2.42676
677 -240.828 -172.76 -2.40351
678 -242.736 -174.481 -2.39648
679 -243.833 -175.867 -1.713
680 -243.275 -177.589 -0.815976
681 -241.511 -179.406 -0.767109
682 -239.497 -180.742 -0.723077
683 -237.876 -182.185 -0.699578
684 -236.631 -183.241 -0.801624
685 -235.422 -185.463 -0.801236
686 -233.558 -187.223 -0.721045
687 -231.712 -188.831 -0.692377
688 -229.743 -190.487 -0.729255
689 -227.898 -192.08 -0.677177
690 -226.069 -193.893 -0.82012
691 -224.38 -195.66 -0.784691
692 -222.653 -197.558 -0.984965
693 -221.288 -199.585 -0.938036
694 -219.662 -201.58 -0.863421
695 -218.185 -203.676 -0.965124
696 -216.493 -205.425 -0.668865
697 -214.573 -206.927 -0.647544
698 -213.376 -208.913 -1.16793
699 -212.333 -210.268 -0.864319
700 -211.488 -211.709 -0.726152
701 -209.973 -212.415 -0.25595
702 -208.471 -212.376 0.239461
703 -206.786 -212.829 -0.770914
704 -207.116 -214.942 -1.73693
705 -206.898 -217.422 -1.05804
706 -205.556 -219.448 -0.954144
707 -204.097 -221.409 -0.904108
708 -202.5 -223.425 -0.944894
709 -201.221 -225.553 -1.02326
710 -199.887 -227.709 -1.01898
711 -198.746 -230.01 -1.02885
712 -197.526 -232.256 -1.23438
713 -196.43 -234.434 -1.03106
714 -195.135 -236.653 -1.04939
715 -193.792 -238.856 -0.884967
716 -192.155 -240.829 -0.856465
717 -190.555 -242.68 -0.923171
718 -189.125 -244.816 -0.971758
719 -187.981 -247.118 -1.17418
720 -187.047 -249.37 -1.16691
721 -185.86 -251.645 -0.93304
722 -184.858 -253.856 -1.17601
723 -183.564 -255.737 -0.949566
724 -182.634 -257.363 -1.11769
725 -181.643 -259.291 -0.763843
726 -179.92 -259.347 0.406957
727 -177.713 -258.383 0.429226
728 -175.484 -257.391 0.352235
729 -173.083 -256.483 0.382491
730 -170.69 -255.509 0.31919
731 -168.223 -254.799 0.210226
732 -165.672 -254.485 0.142029
733 -163.257 -254.101 0.189073
734 -160.744 -253.573 0.244933
735 -158.251 -252.911 0.287939
736 -155.916 -252.182 0.330606
737 -153.482 -251.36 0.276991
738 -151.143 -250.663 0.314437
739 -148.653 -250.018 0.213057
740 -146.14 -249.447 0.249369
741 -143.774 -248.854 0.275364
742 -141.211 -248.614 0.083996
743 -138.653 -248.353 0.13225
744 -136.133 -247.907 0.490995
745 -134.118 -246.338 0.951368
746 -133.817 -244.441 1.90883
747 -134.917 -244.496 -1.22637
748 -133.838 -245.736 -1.34958
749 -133.057 -247.15 -0.256435
750 -131.168 -247.021 0.120216
751 -128.801 -246.444 0.349467
752 -126.399 -245.533 0.39224
753 -123.992 -244.642 0.133413
754 -121.561 -244.382 0.132634
755 -119.007 -244.105 0.052725
756 -116.434 -243.956 0.079345
757 -113.875 -243.715 0.126911
758 -111.457 -243.37 0.177199
759 -109.062 -242.911 0.213039
760 -106.543 -242.339 0.26322
761 -104.022 -241.852 0.105861
762 -101.583 -241.719 0.065339
763 -99.0155 -241.546 0.088645
764 -96.5446 -241.333 0.101404
765 -94.0182 -241.074 0.125113
766 -91.5999 -240.77 0.138169
767 -89.0416 -240.459 0.109759
768 -86.6047 -240.26 0.051055
769 -84.0379 -240.122 0.076966
770 -81.4731 -239.91 0.098333
771 -79.1291 -239.675 0.107039
772 -76.5753 -239.425 0.050303
773 -74.0007 -239.301 0.058331
774 -71.431 -239.153 0.064226
775 -68.9922 -239.008 0.060838
776 -66.4243 -238.924 0.046712
777 -63.983 -238.799 0.070189
778 -61.4096 -238.619 0.088905
779 -58.8486 -238.396 0.097259
780 -56.406 -238.324 0.024469
781 -53.8407 -238.294 0.020719
782 -51.3535 -238.236 0.043838
783 -48.8194 -238.222 -0.031016
784 -46.2449 -238.298 -0.022635
785 -43.8057 -238.346 -0.005357
786 -41.3603 -238.368 -0.002359
787 -38.7874 -238.369 0.011758
788 -36.2154 -238.349 0.018801
789 -33.6393 -238.313 0.020226
790 -31.0678 -238.258 0.033697
791 -28.6281 -238.371 -0.063331
792 -26.0636 -238.552 -0.065493
793 -23.4984 -238.742 -0.071552
794 -21.0584 -238.926 -0.066427
795 -18.495 -239.112 -0.062962
796 -16.0565 -239.298 -0.070872
797 -13.4867 -239.502 -0.072965
798 -10.9239 -239.695 -0.026709
799 -8.48069 -239.666 -0.027289
800 -5.91085 -239.763 -0.030509
801 -3.47788 -239.891 -0.090714
802 -0.908609 -240.135 -0.08457
803 1.20381 -240.326 -0.090348
804 3.15026 -240.506 -0.089301
805 5.71337 -240.761 -0.094136
806 8.18894 -241.011 -0.093537
807 10.7082 -241.264 -0.096973
